41 64
0 2 2 1 2 60 2 
1 2 1 30 2 
2 3 10 1 2 2 2 19 2 30 2 36 2 52 2 53 2 58 2 59 2 60 2 
3 2 2 1 2 3 2 
4 2 2 36 2 60 2 
5 3 2 56 2 62 2 
6 2 2 36 2 58 2 
7 2 1 30 2 
8 2 2 2 2 19 2 
9 2 1 36 2 
10 2 1 3 2 
11 3 2 19 2 54 2 
12 3 1 46 2 
13 2 2 1 2 3 2 
14 2 1 1 2 
15 4 49 0 1 1 1 2 1 3 1 4 1 5 1 6 1 7 1 8 1 9 1 10 1 12 1 13 1 14 1 15 1 16 1 17 1 18 1 19 1 20 1 21 1 22 1 23 1 24 1 25 2 26 1 27 1 28 2 29 1 31 1 33 1 34 1 35 1 36 1 37 1 38 1 39 2 40 2 41 2 42 2 43 2 44 2 45 2 47 2 48 2 49 2 50 2 51 2 63 2 
16 2 1 32 2 
17 3 1 46 2 
18 3 3 19 2 46 2 59 2 
19 2 1 55 2 
20 3 1 57 2 
21 2 1 33 2 
22 2 1 55 2 
23 2 2 54 2 61 2 
24 3 1 53 2 
25 2 2 58 2 59 2 
26 2 1 32 2 
27 3 2 19 2 54 2 
28 4 49 0 1 1 1 2 1 3 1 4 1 5 1 6 1 7 1 8 1 9 1 10 1 12 1 13 1 14 1 15 1 16 1 17 1 18 1 19 1 20 1 21 1 22 1 23 1 24 1 25 2 26 1 27 1 28 2 29 1 31 1 33 1 34 1 35 1 36 1 37 1 38 1 39 2 40 2 41 2 42 2 43 2 44 2 45 2 47 2 48 2 49 2 50 2 51 2 63 2 
29 2 2 1 2 60 2 
30 4 49 0 1 1 1 2 1 3 1 4 1 5 1 6 1 7 1 8 1 9 1 10 1 12 1 13 1 14 1 15 1 16 1 17 1 18 1 19 1 20 1 21 1 22 1 23 1 24 1 25 2 26 1 27 1 28 2 29 1 31 1 33 1 34 1 35 1 36 1 37 1 38 1 39 2 40 2 41 2 42 2 43 2 44 2 45 2 47 2 48 2 49 2 50 2 51 2 63 2 
31 2 1 32 2 
32 2 6 1 2 3 2 32 2 36 2 54 2 60 2 
33 2 2 16 2 32 2 
34 3 2 11 2 55 2 
35 2 2 33 2 54 2 
36 4 49 0 1 1 1 2 1 3 1 4 1 5 1 6 1 7 1 8 1 9 1 10 1 12 1 13 1 14 1 15 1 16 1 17 1 18 1 19 1 20 1 21 1 22 1 23 1 24 1 25 2 26 1 27 1 28 2 29 1 31 1 33 1 34 1 35 1 36 1 37 1 38 1 39 2 40 2 41 2 42 2 43 2 44 2 45 2 47 2 48 2 49 2 50 2 51 2 63 2 
37 2 2 1 2 60 2 
38 2 1 1 2 
39 2 1 54 2 
40 2 1 30 2 
56
1 19
1 25
1 28
2 15
2 36
3 13
3 15
4 28
4 32
5 7
5 21
5 23
5 26
5 30
5 39
6 14
6 31
6 34
6 40
7 39
9 12
9 20
9 24
9 35
10 16
10 17
10 38
11 33
12 20
12 24
12 35
13 15
14 34
14 40
16 17
16 38
17 37
17 38
18 22
19 25
19 28
20 33
20 35
21 23
21 30
21 39
23 26
23 30
24 35
25 28
26 30
27 29
28 32
30 39
34 40
37 38
