65 63
0 3 7 7 2 21 2 24 2 31 2 36 2 53 2 54 2 
1 2 3 17 2 21 2 23 2 
2 2 2 29 2 32 2 
3 3 1 55 2 
4 3 2 6 2 54 2 
5 1 5 0 2 7 2 40 2 44 2 45 2 
6 3 1 55 2 
7 4 7 0 1 7 2 12 2 14 2 21 1 32 2 40 1 
8 3 4 0 2 7 2 32 2 57 2 
9 2 6 0 2 11 2 15 2 57 2 58 2 60 2 
10 2 2 29 2 32 2 
11 2 4 29 2 32 2 35 2 36 2 
12 3 3 6 2 7 2 21 2 
13 3 4 0 2 7 2 32 2 57 2 
14 3 4 0 2 7 2 32 2 57 2 
15 3 7 7 2 21 2 24 2 31 2 36 2 53 2 54 2 
16 2 4 24 2 26 1 29 1 40 1 
17 2 1 31 2 
18 3 2 21 1 36 2 
19 4 49 0 1 1 1 2 1 3 1 4 1 5 1 7 1 8 1 9 1 10 1 11 1 13 1 14 1 15 1 16 1 17 1 18 1 19 1 20 1 21 1 22 1 23 1 25 1 27 1 28 2 29 1 30 1 31 2 32 1 33 1 34 1 36 1 37 1 38 1 39 1 40 1 41 2 42 2 43 2 44 2 45 2 46 2 47 2 48 2 49 2 50 2 51 2 52 2 62 2 
20 3 7 7 2 21 2 24 2 31 2 36 2 53 2 54 2 
21 3 2 0 1 4 2 
22 3 7 7 2 21 2 24 2 31 2 36 2 53 2 54 2 
23 2 4 4 2 15 2 24 2 60 2 
24 3 4 0 2 7 2 32 2 57 2 
25 4 7 0 1 7 2 12 2 14 2 21 1 32 2 40 1 
26 2 4 6 2 24 2 29 2 55 2 
27 2 3 5 2 54 2 59 2 
28 3 4 0 2 7 2 32 2 57 2 
29 2 2 24 2 54 2 
30 3 1 35 2 
31 2 2 31 2 40 2 
32 3 1 35 2 
33 3 6 6 2 21 2 31 2 36 2 53 2 54 2 
34 1 5 0 2 7 2 40 2 44 2 45 2 
35 3 3 6 2 7 2 21 2 
36 3 1 54 2 
37 2 4 29 2 32 2 35 2 36 2 
38 2 4 29 2 32 2 35 2 36 2 
39 3 7 7 2 21 2 24 2 31 2 36 2 53 2 54 2 
40 2 2 32 2 57 2 
41 2 3 29 2 37 2 61 2 
42 1 5 0 2 7 2 40 2 44 2 45 2 
43 3 2 29 2 35 2 
44 2 1 6 2 
45 3 2 0 2 57 2 
46 4 49 0 1 1 1 2 1 3 1 4 1 5 1 7 1 8 1 9 1 10 1 11 1 13 1 14 1 15 1 16 1 17 1 18 1 19 1 20 1 21 1 22 1 23 1 25 1 27 1 28 2 29 1 30 1 31 2 32 1 33 1 34 1 36 1 37 1 38 1 39 1 40 1 41 2 42 2 43 2 44 2 45 2 46 2 47 2 48 2 49 2 50 2 51 2 52 2 62 2 
47 2 2 7 2 36 2 
48 3 1 31 2 
49 3 6 6 2 21 2 31 2 36 2 53 2 54 2 
50 4 49 0 1 1 1 2 1 3 1 4 1 5 1 7 1 8 1 9 1 10 1 11 1 13 1 14 1 15 1 16 1 17 1 18 1 19 1 20 1 21 1 22 1 23 1 25 1 27 1 28 2 29 1 30 1 31 2 32 1 33 1 34 1 36 1 37 1 38 1 39 1 40 1 41 2 42 2 43 2 44 2 45 2 46 2 47 2 48 2 49 2 50 2 51 2 52 2 62 2 
51 2 3 0 2 56 2 57 2 
52 1 5 0 2 7 2 40 2 44 2 45 2 
53 3 7 7 2 21 2 24 2 31 2 36 2 53 2 54 2 
54 3 8 0 1 4 2 6 2 24 2 35 2 53 2 54 2 55 2 
55 3 2 6 2 54 2 
56 4 49 0 1 1 1 2 1 3 1 4 1 5 1 7 1 8 1 9 1 10 1 11 1 13 1 14 1 15 1 16 1 17 1 18 1 19 1 20 1 21 1 22 1 23 1 25 1 27 1 28 2 29 1 30 1 31 2 32 1 33 1 34 1 36 1 37 1 38 1 39 1 40 1 41 2 42 2 43 2 44 2 45 2 46 2 47 2 48 2 49 2 50 2 51 2 52 2 62 2 
57 4 49 0 1 1 1 2 1 3 1 4 1 5 1 7 1 8 1 9 1 10 1 11 1 13 1 14 1 15 1 16 1 17 1 18 1 19 1 20 1 21 1 22 1 23 1 25 1 27 1 28 2 29 1 30 1 31 2 32 1 33 1 34 1 36 1 37 1 38 1 39 1 40 1 41 2 42 2 43 2 44 2 45 2 46 2 47 2 48 2 49 2 50 2 51 2 52 2 62 2 
58 1 5 0 2 7 2 40 2 44 2 45 2 
59 2 4 4 2 15 2 24 2 60 2 
60 2 4 29 2 32 2 35 2 36 2 
61 2 6 0 2 11 2 15 2 57 2 58 2 60 2 
62 4 7 0 1 7 2 12 2 14 2 21 1 32 2 40 1 
63 3 1 40 2 
64 3 1 53 2 
197
0 1
0 12
0 14
1 12
1 14
2 5
2 21
2 26
2 46
2 52
3 9
3 15
3 17
3 19
3 26
3 40
3 43
3 61
4 16
4 25
4 28
4 36
4 62
5 21
5 26
5 31
5 46
6 8
6 15
6 17
6 22
6 27
6 32
7 26
7 30
7 44
7 55
7 57
8 15
8 17
8 22
8 27
8 32
9 18
9 19
9 24
9 26
9 43
9 49
9 61
10 33
10 63
11 33
11 37
11 63
12 14
12 20
13 23
13 36
13 39
13 41
13 42
13 50
13 51
13 53
13 58
13 59
13 64
14 20
15 17
15 27
15 32
15 40
16 28
17 27
17 32
17 40
18 19
18 24
18 26
18 43
18 49
18 61
19 24
19 26
19 43
19 49
19 61
21 26
21 31
21 46
21 52
22 27
22 32
23 36
23 39
23 41
23 42
23 50
23 53
23 58
23 59
23 64
24 26
24 43
24 49
24 61
25 28
25 36
25 62
26 30
26 31
26 43
26 46
26 49
26 52
26 55
26 57
26 61
27 32
28 36
28 62
29 34
29 38
29 47
29 56
29 60
30 55
30 57
31 46
31 52
33 37
33 63
34 38
34 45
34 47
34 48
34 56
34 60
35 54
36 39
36 41
36 42
36 50
36 58
36 59
36 62
37 63
38 45
38 47
38 48
38 56
38 60
39 41
39 42
39 50
39 58
39 59
39 64
41 42
41 50
41 58
41 59
41 64
42 50
42 53
42 59
42 64
43 49
43 61
44 55
44 57
45 47
45 48
45 56
45 60
46 52
47 56
47 60
48 56
48 60
49 61
50 51
50 53
50 58
50 59
50 64
51 53
51 64
53 58
53 59
53 64
55 57
56 60
58 59
58 64
59 64
