67 71
0 3 1 70 2 
1 2 2 4 1 37 2 
2 3 3 35 2 37 2 54 2 
3 1 8 39 2 40 2 41 2 42 2 43 2 44 2 45 2 46 2 
4 3 7 8 2 23 2 24 2 28 2 34 2 39 2 64 2 
5 3 2 23 2 27 2 
6 2 6 8 2 27 2 35 2 61 2 64 2 68 2 
7 2 1 54 2 
8 3 2 56 2 63 2 
9 3 2 23 2 27 2 
10 3 1 62 2 
11 3 1 8 2 
12 3 1 64 2 
13 3 1 23 2 
14 2 1 55 2 
15 2 6 34 2 35 2 37 2 52 2 53 2 54 2 
16 3 4 14 2 23 2 27 2 52 2 
17 3 4 14 2 23 2 27 2 52 2 
18 3 2 34 2 62 2 
19 1 8 39 2 40 2 41 2 42 2 43 2 44 2 45 2 46 2 
20 2 1 53 2 
21 3 2 53 2 68 2 
22 2 5 17 2 39 2 54 2 59 2 68 2 
23 3 1 56 2 
24 3 2 8 2 28 2 
25 2 2 52 2 55 2 
26 2 6 8 2 27 2 35 2 61 2 64 2 68 2 
27 2 3 29 2 34 2 62 2 
28 2 1 24 2 
29 3 2 23 2 28 2 
30 2 2 8 2 23 2 
31 3 4 14 2 23 2 27 2 52 2 
32 3 1 27 2 
33 2 1 35 2 
34 2 2 63 2 65 2 
35 2 6 8 2 27 2 35 2 61 2 64 2 68 2 
36 3 1 63 2 
37 1 8 39 2 40 2 41 2 42 2 43 2 44 2 45 2 46 2 
38 2 6 34 2 35 2 37 2 52 2 53 2 54 2 
39 3 1 39 2 
40 2 2 56 2 65 2 
41 3 1 39 2 
42 4 49 0 1 1 1 2 1 3 1 4 1 5 1 6 1 7 1 8 1 9 1 10 1 11 1 12 1 13 1 14 1 15 1 16 1 17 1 18 1 19 1 20 1 21 1 22 1 23 1 25 2 26 1 27 1 29 2 30 1 31 1 32 1 33 1 35 1 36 1 37 1 38 1 39 2 40 2 41 2 42 2 43 2 44 2 45 2 47 2 48 2 49 2 50 2 51 2 69 2 
43 3 1 39 2 
44 4 49 0 1 1 1 2 1 3 1 4 1 5 1 6 1 7 1 8 1 9 1 10 1 11 1 12 1 13 1 14 1 15 1 16 1 17 1 18 1 19 1 20 1 21 1 22 1 23 1 25 2 26 1 27 1 29 2 30 1 31 1 32 1 33 1 35 1 36 1 37 1 38 1 39 2 40 2 41 2 42 2 43 2 44 2 45 2 47 2 48 2 49 2 50 2 51 2 69 2 
45 3 1 62 2 
46 3 4 54 2 66 2 67 2 70 2 
47 2 4 23 2 24 2 28 2 68 2 
48 2 1 56 2 
49 3 1 39 2 
50 2 6 34 2 35 2 37 2 52 2 53 2 54 2 
51 2 6 34 2 35 2 37 2 52 2 53 2 54 2 
52 2 6 34 2 35 2 37 2 52 2 53 2 54 2 
53 3 1 27 2 
54 4 49 0 1 1 1 2 1 3 1 4 1 5 1 6 1 7 1 8 1 9 1 10 1 11 1 12 1 13 1 14 1 15 1 16 1 17 1 18 1 19 1 20 1 21 1 22 1 23 1 25 2 26 1 27 1 29 2 30 1 31 1 32 1 33 1 35 1 36 1 37 1 38 1 39 2 40 2 41 2 42 2 43 2 44 2 45 2 47 2 48 2 49 2 50 2 51 2 69 2 
55 3 1 8 2 
56 3 1 68 2 
57 3 1 56 2 
58 2 6 0 2 10 2 13 2 57 2 58 2 60 2 
59 1 8 39 2 40 2 41 2 42 2 43 2 44 2 45 2 46 2 
60 2 2 55 2 64 2 
61 1 8 39 2 40 2 41 2 42 2 43 2 44 2 45 2 46 2 
62 3 1 24 2 
63 1 8 39 2 40 2 41 2 42 2 43 2 44 2 45 2 46 2 
64 2 6 8 2 27 2 35 2 61 2 64 2 68 2 
65 3 1 8 2 
66 3 1 55 2 
177
0 7
0 14
0 50
0 51
0 52
0 65
1 23
2 8
2 34
2 39
2 42
2 43
2 45
2 56
2 62
3 10
3 24
3 33
3 46
4 13
4 22
4 29
4 54
4 57
5 12
5 37
5 44
5 58
5 59
5 61
6 25
6 38
7 14
7 50
7 51
7 52
7 65
8 34
8 39
8 42
8 43
8 45
8 56
8 62
9 12
9 36
9 37
9 44
9 47
9 58
9 59
9 61
10 19
10 24
10 33
10 63
11 23
11 26
11 40
11 49
12 36
12 37
12 44
12 58
12 59
12 61
13 22
13 29
13 35
13 54
13 57
14 50
14 51
14 52
14 65
15 27
15 30
15 64
16 20
17 31
18 21
18 26
18 40
18 41
18 49
19 24
19 33
19 46
20 32
21 40
21 41
21 49
22 29
22 54
22 57
23 26
23 40
23 41
23 49
23 55
24 33
24 46
24 63
25 38
26 40
26 41
26 49
26 55
27 30
27 64
28 48
28 60
29 54
29 57
30 64
33 46
33 63
34 39
34 42
34 43
34 45
34 56
34 62
35 54
35 57
36 37
36 44
36 47
36 53
36 58
36 59
36 61
37 44
37 47
37 53
37 58
39 42
39 45
39 56
39 62
40 41
40 49
40 55
41 55
42 43
42 45
42 56
42 62
43 45
43 56
43 62
44 47
44 53
44 58
44 59
44 61
45 56
45 62
46 51
46 52
46 63
46 65
47 53
47 58
47 59
47 61
48 60
50 65
51 52
51 65
52 65
53 59
53 61
54 57
56 62
58 59
58 61
