283 106
0 3 2 23 2 101 2 
1 3 1 102 2 
2 3 2 11 2 33 2 
3 2 3 18 2 22 2 24 2 
4 2 2 80 2 82 2 
5 2 2 1 2 78 2 
6 2 1 36 2 
7 2 2 4 1 45 2 
8 3 7 7 2 22 2 25 2 34 2 41 2 66 2 67 2 
9 2 3 18 2 22 2 24 2 
10 3 1 87 2 
11 3 1 26 2 
12 2 2 10 2 13 2 
13 3 1 61 2 
14 3 3 43 2 45 2 71 2 
15 2 1 86 2 
16 2 4 9 2 26 2 31 2 33 2 
17 2 2 18 2 38 2 
18 3 1 17 2 
19 3 4 5 2 18 2 26 2 88 2 
20 2 2 31 2 35 2 
21 3 1 68 2 
22 3 7 9 2 28 2 29 2 33 2 42 2 47 2 93 2 
23 3 2 28 2 32 2 
24 3 10 1 2 2 2 21 2 36 2 44 2 62 2 63 2 76 2 77 2 78 2 
25 3 2 6 2 67 2 
26 2 6 9 2 32 2 43 2 89 2 93 2 100 2 
27 3 2 19 2 69 2 
28 2 2 23 2 81 2 
29 2 2 1 2 3 2 
30 2 2 19 2 37 2 
31 3 2 5 2 23 2 
32 2 2 44 2 78 2 
33 2 1 28 2 
34 3 1 17 2 
35 3 2 73 2 91 2 
36 2 2 97 2 98 2 
37 3 1 68 2 
38 3 1 81 2 
39 4 7 0 1 7 2 13 2 15 2 22 1 35 2 46 1 
40 4 49 0 1 1 1 2 1 3 1 4 1 5 1 7 1 8 1 9 1 10 1 11 1 14 1 15 1 16 1 17 1 18 1 19 1 20 1 21 1 22 1 23 1 24 1 26 1 28 1 30 2 31 1 32 1 34 2 35 1 37 1 39 1 41 1 43 1 44 1 45 1 46 1 47 2 48 2 49 2 50 2 51 2 52 2 53 2 55 2 56 2 57 2 58 2 59 2 101 2 
41 2 5 10 2 11 2 15 2 24 2 58 2 
42 3 4 0 2 7 2 35 2 75 2 
43 2 2 23 2 81 2 
44 2 1 71 2 
45 3 2 73 2 91 2 
46 2 6 0 2 11 2 16 2 75 2 83 2 88 2 
47 3 6 10 2 15 2 19 2 37 2 69 2 92 2 
48 3 2 28 2 32 2 
49 3 1 90 2 
50 2 2 31 2 35 2 
51 2 4 31 2 35 2 40 2 41 2 
52 3 1 9 2 
53 3 1 93 2 
54 3 2 80 2 103 2 
55 2 1 45 2 
56 3 2 30 2 92 2 
57 3 4 17 2 84 2 85 2 86 2 
58 2 4 10 2 19 2 20 2 58 2 
59 2 2 44 2 76 2 
60 2 1 36 2 
61 3 1 28 2 
62 3 3 6 2 7 2 22 2 
63 3 1 84 2 
64 2 1 72 2 
65 3 4 0 2 7 2 35 2 75 2 
66 2 2 19 2 37 2 
67 3 4 0 2 7 2 35 2 75 2 
68 3 4 17 2 28 2 32 2 60 2 
69 3 7 7 2 22 2 25 2 34 2 41 2 66 2 67 2 
70 2 3 2 2 11 2 58 2 
71 2 4 25 2 27 1 31 1 46 1 
72 2 1 34 2 
73 2 2 2 2 21 2 
74 3 2 22 1 41 2 
75 3 2 85 2 88 2 
76 4 49 0 1 1 1 2 1 3 1 4 1 5 1 7 1 8 1 9 1 10 1 11 1 14 1 15 1 16 1 17 1 18 1 19 1 20 1 21 1 22 1 23 1 24 1 26 1 28 1 30 2 31 1 32 1 34 2 35 1 37 1 39 1 41 1 43 1 44 1 45 1 46 1 47 2 48 2 49 2 50 2 51 2 52 2 53 2 55 2 56 2 57 2 58 2 59 2 101 2 
77 3 3 15 2 20 2 27 2 
78 2 6 42 2 43 2 45 2 60 2 70 2 71 2 
79 3 7 7 2 22 2 25 2 34 2 41 2 66 2 67 2 
80 2 1 44 2 
81 3 2 0 1 4 2 
82 3 7 7 2 22 2 25 2 34 2 41 2 66 2 67 2 
83 3 4 17 2 28 2 32 2 60 2 
84 2 4 4 2 16 2 25 2 88 2 
85 3 4 0 2 7 2 35 2 75 2 
86 3 3 15 2 20 2 27 2 
87 2 3 13 2 20 2 30 2 
88 3 4 17 2 28 2 32 2 60 2 
89 4 7 0 1 7 2 13 2 15 2 22 1 35 2 46 1 
90 2 4 6 2 25 2 31 2 68 2 
91 2 3 82 2 85 2 105 2 
92 2 4 10 2 19 2 20 2 58 2 
93 4 49 0 1 1 1 2 1 3 1 4 1 5 1 7 1 8 1 9 1 10 1 11 1 14 1 15 1 16 1 17 1 18 1 19 1 20 1 21 1 22 1 23 1 24 1 26 1 28 1 30 2 31 1 32 1 34 2 35 1 37 1 39 1 41 1 43 1 44 1 45 1 46 1 47 2 48 2 49 2 50 2 51 2 52 2 53 2 55 2 56 2 57 2 58 2 59 2 101 2 
94 2 3 5 2 67 2 85 2 
95 2 1 3 2 
96 3 2 42 2 90 2 
97 2 1 70 2 
98 3 4 0 2 7 2 35 2 75 2 
99 3 3 5 2 61 2 80 2 
100 3 1 2 2 
101 3 2 17 2 85 2 
102 3 2 21 2 64 2 
103 3 1 54 2 
104 3 2 70 2 100 2 
105 2 5 20 2 47 2 71 2 86 2 100 2 
106 3 1 73 2 
107 3 2 9 2 33 2 
108 2 2 1 2 3 2 
109 3 2 79 2 80 2 
110 2 4 4 2 16 2 25 2 88 2 
111 2 1 1 2 
112 3 1 61 2 
113 4 49 0 1 1 1 2 1 3 1 4 1 5 1 7 1 8 1 9 1 10 1 11 1 14 1 15 1 16 1 17 1 18 1 19 1 20 1 21 1 22 1 23 1 24 1 26 1 28 1 30 2 31 1 32 1 34 2 35 1 37 1 39 1 41 1 43 1 44 1 45 1 46 1 47 2 48 2 49 2 50 2 51 2 52 2 53 2 55 2 56 2 57 2 58 2 59 2 101 2 
114 3 1 10 2 
115 3 2 10 2 30 2 
116 2 1 18 2 
117 3 2 24 2 37 2 
118 2 2 25 2 67 2 
119 2 18 3 1 10 1 13 1 20 2 21 1 30 1 37 2 39 1 46 1 49 2 50 2 51 2 52 2 53 2 55 2 56 2 57 2 59 2 
120 2 1 38 2 
121 2 4 4 2 16 2 25 2 88 2 
122 2 2 60 2 72 2 
123 3 7 23 2 52 2 55 2 61 2 80 2 81 2 82 2 
124 4 49 0 1 1 1 2 1 3 1 4 1 5 1 7 1 8 1 9 1 10 1 11 1 14 1 15 1 16 1 17 1 18 1 19 1 20 1 21 1 22 1 23 1 24 1 26 1 28 1 30 2 31 1 32 1 34 2 35 1 37 1 39 1 41 1 43 1 44 1 45 1 46 1 47 2 48 2 49 2 50 2 51 2 52 2 53 2 55 2 56 2 57 2 58 2 59 2 101 2 
125 3 1 40 2 
126 2 2 34 2 46 2 
127 2 6 9 2 32 2 43 2 89 2 93 2 100 2 
128 2 3 34 2 42 2 90 2 
129 3 1 2 2 
130 2 1 29 2 
131 3 1 40 2 
132 3 1 54 2 
133 3 2 28 2 33 2 
134 3 3 21 2 54 2 77 2 
135 2 1 58 2 
136 2 2 9 2 28 2 
137 2 1 15 2 
138 3 4 17 2 28 2 32 2 60 2 
139 2 1 65 2 
140 3 1 74 2 
141 3 3 15 2 20 2 27 2 
142 3 1 32 2 
143 3 3 20 2 27 2 37 2 
144 3 5 12 2 16 2 84 2 86 2 95 2 
145 2 1 18 2 
146 2 1 43 2 
147 2 1 39 2 
148 3 6 10 2 15 2 19 2 37 2 69 2 92 2 
149 3 4 17 2 84 2 85 2 86 2 
150 2 1 86 2 
151 2 1 65 2 
152 3 6 6 2 22 2 34 2 41 2 66 2 67 2 
153 2 2 38 2 88 2 
154 2 2 91 2 94 2 
155 3 6 10 2 15 2 19 2 37 2 69 2 92 2 
156 2 6 9 2 32 2 43 2 89 2 93 2 100 2 
157 3 1 91 2 
158 3 3 6 2 7 2 22 2 
159 2 2 64 2 86 2 
160 3 4 17 2 84 2 85 2 86 2 
161 3 2 24 2 87 2 
162 3 1 63 2 
163 3 1 82 2 
164 3 1 67 2 
165 2 1 20 2 
166 3 2 30 2 92 2 
167 3 1 61 2 
168 2 2 76 2 77 2 
169 2 6 42 2 43 2 45 2 60 2 70 2 71 2 
170 2 4 31 2 35 2 40 2 41 2 
171 3 1 47 2 
172 2 2 73 2 94 2 
173 3 1 47 2 
174 2 1 38 2 
175 2 1 104 2 
176 3 2 19 2 69 2 
177 3 2 21 2 64 2 
178 3 2 13 2 65 2 
179 4 49 0 1 1 1 2 1 3 1 4 1 5 1 7 1 8 1 9 1 10 1 11 1 14 1 15 1 16 1 17 1 18 1 19 1 20 1 21 1 22 1 23 1 24 1 26 1 28 1 30 2 31 1 32 1 34 2 35 1 37 1 39 1 41 1 43 1 44 1 45 1 46 1 47 2 48 2 49 2 50 2 51 2 52 2 53 2 55 2 56 2 57 2 58 2 59 2 101 2 
180 3 3 15 2 20 2 27 2 
181 2 4 31 2 35 2 40 2 41 2 
182 2 3 5 2 67 2 85 2 
183 4 49 0 1 1 1 2 1 3 1 4 1 5 1 7 1 8 1 9 1 10 1 11 1 14 1 15 1 16 1 17 1 18 1 19 1 20 1 21 1 22 1 23 1 24 1 26 1 28 1 30 2 31 1 32 1 34 2 35 1 37 1 39 1 41 1 43 1 44 1 45 1 46 1 47 2 48 2 49 2 50 2 51 2 52 2 53 2 55 2 56 2 57 2 58 2 59 2 101 2 
184 3 7 7 2 22 2 25 2 34 2 41 2 66 2 67 2 
185 3 6 10 2 15 2 19 2 37 2 69 2 92 2 
186 3 1 47 2 
187 2 2 35 2 75 2 
188 4 49 0 1 1 1 2 1 3 1 4 1 5 1 7 1 8 1 9 1 10 1 11 1 14 1 15 1 16 1 17 1 18 1 19 1 20 1 21 1 22 1 23 1 24 1 26 1 28 1 30 2 31 1 32 1 34 2 35 1 37 1 39 1 41 1 43 1 44 1 45 1 46 1 47 2 48 2 49 2 50 2 51 2 52 2 53 2 55 2 56 2 57 2 58 2 59 2 101 2 
189 3 1 90 2 
190 2 3 12 2 84 2 95 2 
191 3 4 71 2 96 2 99 2 102 2 
192 3 3 15 2 20 2 27 2 
193 2 3 31 2 43 2 89 2 
194 2 4 10 2 19 2 20 2 58 2 
195 2 2 1 2 78 2 
196 2 1 27 2 
197 2 2 24 2 87 2 
198 3 2 31 2 40 2 
199 3 2 12 2 26 2 
200 2 4 28 2 29 2 33 2 100 2 
201 2 1 6 2 
202 2 3 5 2 67 2 85 2 
203 3 4 17 2 84 2 85 2 86 2 
204 2 1 11 2 
205 3 1 61 2 
206 4 49 0 1 1 1 2 1 3 1 4 1 5 1 7 1 8 1 9 1 10 1 11 1 14 1 15 1 16 1 17 1 18 1 19 1 20 1 21 1 22 1 23 1 24 1 26 1 28 1 30 2 31 1 32 1 34 2 35 1 37 1 39 1 41 1 43 1 44 1 45 1 46 1 47 2 48 2 49 2 50 2 51 2 52 2 53 2 55 2 56 2 57 2 58 2 59 2 101 2 
207 3 2 0 2 75 2 
208 4 49 0 1 1 1 2 1 3 1 4 1 5 1 7 1 8 1 9 1 10 1 11 1 14 1 15 1 16 1 17 1 18 1 19 1 20 1 21 1 22 1 23 1 24 1 26 1 28 1 30 2 31 1 32 1 34 2 35 1 37 1 39 1 41 1 43 1 44 1 45 1 46 1 47 2 48 2 49 2 50 2 51 2 52 2 53 2 55 2 56 2 57 2 58 2 59 2 101 2 
209 2 2 7 2 41 2 
210 2 1 73 2 
211 3 1 97 2 
212 3 1 2 2 
213 3 1 47 2 
214 3 2 47 2 61 2 
215 2 1 87 2 
216 3 1 40 2 
217 3 1 34 2 
218 3 1 92 2 
219 3 6 6 2 22 2 34 2 41 2 66 2 67 2 
220 2 1 38 2 
221 2 6 0 2 11 2 16 2 75 2 83 2 88 2 
222 4 49 0 1 1 1 2 1 3 1 4 1 5 1 7 1 8 1 9 1 10 1 11 1 14 1 15 1 16 1 17 1 18 1 19 1 20 1 21 1 22 1 23 1 24 1 26 1 28 1 30 2 31 1 32 1 34 2 35 1 37 1 39 1 41 1 43 1 44 1 45 1 46 1 47 2 48 2 49 2 50 2 51 2 52 2 53 2 55 2 56 2 57 2 58 2 59 2 101 2 
223 2 1 12 2 
224 2 3 2 2 11 2 58 2 
225 2 6 42 2 43 2 45 2 60 2 70 2 71 2 
226 3 3 15 2 20 2 27 2 
227 2 6 1 2 3 2 38 2 44 2 64 2 78 2 
228 3 2 11 2 24 2 
229 2 2 18 2 38 2 
230 2 3 0 2 72 2 75 2 
231 2 6 0 2 11 2 16 2 75 2 83 2 88 2 
232 3 7 7 2 22 2 25 2 34 2 41 2 66 2 67 2 
233 3 2 11 2 24 2 
234 3 8 0 1 4 2 6 2 25 2 40 2 66 2 67 2 68 2 
235 3 2 13 2 65 2 
236 2 6 42 2 43 2 45 2 60 2 70 2 71 2 
237 3 3 15 2 20 2 27 2 
238 2 2 39 2 64 2 
239 2 18 3 1 10 1 13 1 20 2 21 1 30 1 37 2 39 1 46 1 49 2 50 2 51 2 52 2 53 2 55 2 56 2 57 2 59 2 
240 2 6 42 2 43 2 45 2 60 2 70 2 71 2 
241 3 1 32 2 
242 3 2 6 2 67 2 
243 4 49 0 1 1 1 2 1 3 1 4 1 5 1 7 1 8 1 9 1 10 1 11 1 14 1 15 1 16 1 17 1 18 1 19 1 20 1 21 1 22 1 23 1 24 1 26 1 28 1 30 2 31 1 32 1 34 2 35 1 37 1 39 1 41 1 43 1 44 1 45 1 46 1 47 2 48 2 49 2 50 2 51 2 52 2 53 2 55 2 56 2 57 2 58 2 59 2 101 2 
244 3 4 5 2 18 2 26 2 88 2 
245 4 49 0 1 1 1 2 1 3 1 4 1 5 1 7 1 8 1 9 1 10 1 11 1 14 1 15 1 16 1 17 1 18 1 19 1 20 1 21 1 22 1 23 1 24 1 26 1 28 1 30 2 31 1 32 1 34 2 35 1 37 1 39 1 41 1 43 1 44 1 45 1 46 1 47 2 48 2 49 2 50 2 51 2 52 2 53 2 55 2 56 2 57 2 58 2 59 2 101 2 
246 2 1 15 2 
247 4 49 0 1 1 1 2 1 3 1 4 1 5 1 7 1 8 1 9 1 10 1 11 1 14 1 15 1 16 1 17 1 18 1 19 1 20 1 21 1 22 1 23 1 24 1 26 1 28 1 30 2 31 1 32 1 34 2 35 1 37 1 39 1 41 1 43 1 44 1 45 1 46 1 47 2 48 2 49 2 50 2 51 2 52 2 53 2 55 2 56 2 57 2 58 2 59 2 101 2 
248 2 2 1 2 78 2 
249 3 1 16 2 
250 4 49 0 1 1 1 2 1 3 1 4 1 5 1 7 1 8 1 9 1 10 1 11 1 14 1 15 1 16 1 17 1 18 1 19 1 20 1 21 1 22 1 23 1 24 1 26 1 28 1 30 2 31 1 32 1 34 2 35 1 37 1 39 1 41 1 43 1 44 1 45 1 46 1 47 2 48 2 49 2 50 2 51 2 52 2 53 2 55 2 56 2 57 2 58 2 59 2 101 2 
251 3 1 81 2 
252 3 3 20 2 27 2 37 2 
253 3 1 9 2 
254 2 1 1 2 
255 2 1 81 2 
256 3 1 100 2 
257 2 3 16 2 84 2 95 2 
258 4 49 0 1 1 1 2 1 3 1 4 1 5 1 7 1 8 1 9 1 10 1 11 1 14 1 15 1 16 1 17 1 18 1 19 1 20 1 21 1 22 1 23 1 24 1 26 1 28 1 30 2 31 1 32 1 34 2 35 1 37 1 39 1 41 1 43 1 44 1 45 1 46 1 47 2 48 2 49 2 50 2 51 2 52 2 53 2 55 2 56 2 57 2 58 2 59 2 101 2 
259 2 6 0 2 11 2 16 2 75 2 83 2 88 2 
260 2 2 29 2 96 2 
261 3 1 73 2 
262 2 1 64 2 
263 2 4 10 2 19 2 20 2 58 2 
264 2 6 0 2 11 2 16 2 75 2 83 2 88 2 
265 4 49 0 1 1 1 2 1 3 1 4 1 5 1 7 1 8 1 9 1 10 1 11 1 14 1 15 1 16 1 17 1 18 1 19 1 20 1 21 1 22 1 23 1 24 1 26 1 28 1 30 2 31 1 32 1 34 2 35 1 37 1 39 1 41 1 43 1 44 1 45 1 46 1 47 2 48 2 49 2 50 2 51 2 52 2 53 2 55 2 56 2 57 2 58 2 59 2 101 2 
266 2 2 72 2 93 2 
267 2 4 4 2 16 2 25 2 88 2 
268 3 1 29 2 
269 3 2 47 2 61 2 
270 2 4 31 2 35 2 40 2 41 2 
271 2 6 0 2 11 2 16 2 75 2 83 2 88 2 
272 4 7 0 1 7 2 13 2 15 2 22 1 35 2 46 1 
273 3 1 46 2 
274 3 1 69 2 
275 3 1 66 2 
276 2 1 36 2 
277 2 6 9 2 32 2 43 2 89 2 93 2 100 2 
278 3 1 9 2 
279 3 2 10 2 13 2 
280 2 1 97 2 
281 3 1 72 2 
282 4 49 0 1 1 1 2 1 3 1 4 1 5 1 7 1 8 1 9 1 10 1 11 1 14 1 15 1 16 1 17 1 18 1 19 1 20 1 21 1 22 1 23 1 24 1 26 1 28 1 30 2 31 1 32 1 34 2 35 1 37 1 39 1 41 1 43 1 44 1 45 1 46 1 47 2 48 2 49 2 50 2 51 2 52 2 53 2 55 2 56 2 57 2 58 2 59 2 101 2 
3521
0 5
0 20
0 55
0 58
0 70
0 81
0 90
0 92
0 96
0 104
0 109
0 124
0 126
0 127
0 134
0 137
0 144
0 151
0 172
0 173
0 194
0 196
0 208
0 213
0 223
0 224
0 255
0 263
1 16
1 34
1 44
1 64
1 65
1 84
1 121
1 137
1 177
1 184
1 193
1 195
1 222
1 225
1 226
1 230
1 232
1 236
1 240
1 260
1 267
1 274
1 275
1 278
2 26
2 46
2 47
2 74
2 75
2 76
2 78
2 85
2 90
2 102
2 116
2 122
2 128
2 135
2 136
2 169
2 176
2 192
2 198
2 219
2 221
2 229
2 252
2 259
2 271
2 277
2 282
3 8
3 9
3 12
3 15
3 33
3 62
3 67
3 86
3 103
3 157
3 162
3 188
3 199
3 200
3 211
3 237
3 241
3 249
4 25
4 38
4 71
4 98
4 107
4 111
4 141
4 146
4 166
4 182
4 191
4 204
4 212
4 215
4 233
4 235
4 239
4 276
5 52
5 55
5 58
5 81
5 90
5 92
5 96
5 106
5 109
5 124
5 126
5 127
5 137
5 144
5 172
5 173
5 194
5 208
5 213
5 223
5 224
5 253
5 263
6 13
6 28
6 57
6 63
6 139
6 145
6 149
6 150
6 167
6 168
6 179
6 181
6 207
6 217
6 223
6 247
6 266
6 270
7 17
7 35
7 39
7 60
7 90
7 106
7 110
7 144
7 147
7 160
7 161
7 201
7 205
7 206
7 214
7 223
7 242
7 250
7 262
8 9
8 12
8 15
8 33
8 48
8 54
8 62
8 67
8 80
8 86
8 103
8 157
8 162
8 165
8 188
8 199
8 200
8 211
8 231
8 237
8 238
8 241
8 249
8 264
9 12
9 15
9 33
9 62
9 67
9 86
9 103
9 157
9 162
9 188
9 199
9 200
9 211
9 237
9 241
9 249
10 25
10 31
10 38
10 40
10 41
10 49
10 56
10 59
10 89
10 98
10 101
10 107
10 111
10 119
10 141
10 146
10 164
10 178
10 182
10 185
10 190
10 220
10 228
10 233
10 235
10 272
11 14
11 43
11 45
11 51
11 112
11 148
11 152
11 154
11 170
11 171
11 183
11 186
11 189
11 216
11 243
11 251
11 256
11 258
11 268
11 269
11 273
12 15
12 22
12 30
12 33
12 37
12 42
12 48
12 54
12 61
12 62
12 66
12 67
12 77
12 80
12 82
12 86
12 94
12 95
12 105
12 120
12 131
12 133
12 157
12 162
12 163
12 165
12 180
12 188
12 199
12 200
12 211
12 231
12 237
12 241
12 245
12 249
12 254
12 261
12 264
12 265
13 28
13 32
13 57
13 63
13 118
13 130
13 139
13 145
13 149
13 150
13 168
13 179
13 181
13 203
13 207
13 209
13 210
13 217
13 223
13 227
13 247
13 266
13 270
14 43
14 45
14 51
14 112
14 148
14 152
14 154
14 170
14 171
14 183
14 186
14 189
14 216
14 243
14 251
14 256
14 258
14 268
14 269
14 273
15 33
15 48
15 54
15 62
15 67
15 80
15 86
15 103
15 157
15 162
15 165
15 188
15 199
15 200
15 211
15 231
15 237
15 238
15 241
15 249
15 264
16 34
16 44
16 64
16 65
16 84
16 121
16 137
16 177
16 195
16 222
16 225
16 226
16 230
16 232
16 260
16 267
16 274
16 275
16 278
17 35
17 39
17 60
17 90
17 106
17 110
17 144
17 147
17 160
17 161
17 201
17 205
17 206
17 214
17 223
17 242
17 250
17 262
18 21
18 30
18 37
18 42
18 61
18 66
18 69
18 72
18 77
18 91
18 94
18 131
18 132
18 156
18 163
18 187
18 245
18 248
18 254
18 257
18 261
18 265
18 280
19 27
19 29
19 68
19 83
19 88
19 93
19 97
19 108
19 109
19 113
19 138
19 155
19 158
19 175
19 197
19 202
19 218
19 223
19 234
19 279
20 58
20 70
20 81
20 90
20 92
20 96
20 104
20 109
20 124
20 134
20 137
20 151
20 172
20 173
20 194
20 196
20 208
20 213
20 223
20 255
20 263
21 31
21 46
21 61
21 69
21 72
21 76
21 77
21 78
21 90
21 91
21 115
21 128
21 132
21 135
21 136
21 140
21 156
21 163
21 178
21 180
21 185
21 187
21 198
21 221
21 228
21 229
21 245
21 248
21 257
21 259
21 265
21 271
21 277
21 280
21 282
22 30
22 37
22 42
22 61
22 66
22 77
22 82
22 94
22 95
22 105
22 120
22 131
22 132
22 133
22 163
22 180
22 245
22 254
22 261
22 265
23 53
23 67
23 79
23 80
23 86
23 103
23 114
23 117
23 123
23 140
23 153
23 165
23 188
23 211
23 231
23 237
23 238
23 264
24 27
24 50
24 93
24 97
24 112
24 113
24 142
24 152
24 155
24 158
24 171
24 175
24 183
24 186
24 189
24 197
24 218
24 223
24 243
24 244
24 251
24 256
24 258
24 268
24 269
24 273
24 279
25 31
25 38
25 40
25 41
25 49
25 56
25 59
25 71
25 89
25 98
25 101
25 107
25 111
25 119
25 141
25 146
25 164
25 166
25 178
25 182
25 185
25 190
25 191
25 204
25 212
25 215
25 220
25 228
25 233
25 235
25 239
25 272
25 276
26 46
26 47
26 74
26 75
26 76
26 85
26 90
26 102
26 116
26 122
26 169
26 176
26 192
26 198
26 219
26 221
26 252
26 259
26 271
26 282
27 29
27 68
27 83
27 88
27 93
27 97
27 108
27 109
27 113
27 138
27 142
27 155
27 158
27 175
27 197
27 202
27 218
27 223
27 234
27 244
27 279
28 32
28 57
28 63
28 118
28 130
28 139
28 145
28 149
28 150
28 167
28 179
28 181
28 203
28 207
28 209
28 210
28 217
28 227
28 247
28 266
28 270
29 68
29 83
29 88
29 93
29 97
29 108
29 109
29 113
29 138
29 155
29 158
29 175
29 197
29 202
29 218
29 223
29 234
29 279
30 37
30 42
30 61
30 66
30 69
30 72
30 77
30 82
30 91
30 94
30 95
30 105
30 120
30 131
30 132
30 133
30 156
30 163
30 180
30 245
30 248
30 254
30 257
30 261
30 265
30 280
31 40
31 41
31 46
31 49
31 56
31 59
31 76
31 78
31 89
31 90
31 98
31 101
31 115
31 119
31 128
31 135
31 136
31 140
31 141
31 164
31 178
31 180
31 185
31 190
31 198
31 220
31 221
31 228
31 229
31 259
31 271
31 272
31 277
31 282
32 118
32 130
32 167
32 179
32 181
32 203
32 207
32 209
32 210
32 227
32 247
32 266
32 270
33 48
33 54
33 62
33 67
33 80
33 86
33 103
33 157
33 162
33 165
33 188
33 199
33 200
33 211
33 231
33 237
33 238
33 241
33 249
33 264
34 44
34 64
34 65
34 84
34 121
34 137
34 177
34 184
34 193
34 195
34 222
34 225
34 226
34 230
34 232
34 236
34 240
34 260
34 267
34 274
34 275
34 278
35 36
35 39
35 60
35 87
35 90
35 106
35 110
35 125
35 144
35 147
35 159
35 160
35 161
35 174
35 201
35 205
35 206
35 214
35 223
35 242
35 250
35 262
36 39
36 87
36 90
36 110
36 125
36 147
36 159
36 161
36 174
36 205
36 206
36 214
36 223
36 242
36 250
37 42
37 61
37 66
37 69
37 72
37 77
37 82
37 91
37 94
37 95
37 105
37 120
37 131
37 132
37 133
37 156
37 163
37 180
37 245
37 248
37 254
37 257
37 261
37 265
37 280
38 40
38 41
38 49
38 56
38 59
38 71
38 89
38 98
38 101
38 107
38 111
38 119
38 141
38 146
38 166
38 182
38 191
38 204
38 212
38 215
38 233
38 235
38 239
38 272
38 276
39 60
39 87
39 90
39 106
39 110
39 125
39 144
39 147
39 159
39 160
39 161
39 201
39 205
39 206
39 214
39 223
39 242
39 250
39 262
40 41
40 49
40 56
40 59
40 89
40 98
40 101
40 107
40 111
40 119
40 141
40 146
40 164
40 166
40 178
40 182
40 185
40 190
40 215
40 220
40 228
40 233
40 235
40 239
40 272
40 276
41 49
41 56
41 89
41 98
41 101
41 107
41 111
41 119
41 141
41 146
41 164
41 166
41 178
41 182
41 185
41 190
41 215
41 220
41 228
41 233
41 235
41 239
41 272
41 276
42 61
42 66
42 69
42 72
42 77
42 82
42 91
42 94
42 95
42 105
42 120
42 131
42 132
42 133
42 156
42 163
42 180
42 245
42 248
42 254
42 257
42 261
42 265
42 280
43 45
43 51
43 112
43 148
43 152
43 154
43 170
43 171
43 183
43 186
43 189
43 216
43 243
43 251
43 256
43 258
43 268
43 269
43 273
44 64
44 65
44 84
44 121
44 137
44 177
44 184
44 193
44 195
44 222
44 225
44 226
44 232
44 236
44 240
44 260
44 267
44 274
44 275
44 278
45 51
45 112
45 148
45 152
45 154
45 170
45 171
45 183
45 186
45 189
45 216
45 243
45 251
45 256
45 258
45 268
45 269
45 273
46 47
46 74
46 75
46 76
46 78
46 85
46 90
46 102
46 115
46 116
46 122
46 128
46 135
46 136
46 140
46 169
46 176
46 178
46 180
46 185
46 192
46 198
46 219
46 221
46 228
46 229
46 252
46 259
46 271
46 277
46 282
47 74
47 75
47 76
47 78
47 85
47 90
47 102
47 116
47 122
47 128
47 135
47 136
47 169
47 176
47 192
47 198
47 219
47 221
47 229
47 252
47 259
47 271
47 277
47 282
48 53
48 54
48 62
48 67
48 79
48 80
48 86
48 103
48 114
48 117
48 123
48 153
48 157
48 162
48 165
48 188
48 199
48 200
48 211
48 231
48 237
48 238
48 249
48 264
49 56
49 59
49 89
49 98
49 101
49 107
49 111
49 119
49 141
49 146
49 164
49 166
49 178
49 182
49 185
49 190
49 215
49 220
49 228
49 233
49 235
49 239
49 272
49 276
50 112
50 152
50 171
50 183
50 186
50 189
50 218
50 223
50 243
50 244
50 251
50 256
50 258
50 268
50 269
50 273
51 112
51 148
51 152
51 154
51 170
51 171
51 183
51 186
51 189
51 216
51 243
51 251
51 256
51 258
51 268
51 269
51 273
52 55
52 58
52 90
52 92
52 106
52 124
52 126
52 127
52 144
52 172
52 194
52 208
52 213
52 223
52 224
52 263
53 54
53 62
53 67
53 79
53 80
53 86
53 103
53 114
53 117
53 123
53 140
53 153
53 157
53 162
53 165
53 188
53 199
53 211
53 231
53 237
53 238
53 264
54 62
54 67
54 79
54 80
54 86
54 103
54 114
54 117
54 123
54 153
54 157
54 162
54 165
54 188
54 199
54 200
54 211
54 231
54 237
54 238
54 249
54 264
55 58
55 81
55 90
55 92
55 96
55 106
55 109
55 124
55 126
55 127
55 137
55 144
55 172
55 173
55 194
55 208
55 213
55 223
55 224
55 253
55 263
56 59
56 89
56 98
56 101
56 107
56 111
56 119
56 141
56 146
56 164
56 178
56 182
56 185
56 190
56 220
56 228
56 233
56 235
56 272
57 63
57 139
57 145
57 149
57 150
57 167
57 168
57 179
57 181
57 207
57 217
57 223
57 247
57 266
57 270
58 70
58 81
58 90
58 92
58 96
58 104
58 106
58 109
58 124
58 126
58 127
58 134
58 137
58 144
58 151
58 172
58 173
58 194
58 208
58 213
58 223
58 224
58 253
58 255
58 263
59 89
59 98
59 101
59 107
59 111
59 141
59 146
59 164
59 166
59 178
59 182
59 185
59 190
59 215
59 220
59 228
59 233
59 235
59 272
59 276
60 106
60 144
60 160
60 201
60 205
60 214
60 242
60 250
60 262
61 66
61 69
61 72
61 77
61 82
61 91
61 94
61 95
61 105
61 120
61 131
61 132
61 133
61 156
61 163
61 187
61 245
61 248
61 254
61 257
61 261
61 265
61 280
62 67
62 79
62 80
62 86
62 103
62 114
62 117
62 123
62 153
62 157
62 162
62 165
62 188
62 199
62 200
62 211
62 231
62 237
62 238
62 241
62 249
62 264
63 139
63 145
63 149
63 150
63 167
63 168
63 179
63 181
63 207
63 217
63 223
63 247
63 266
63 270
64 65
64 84
64 121
64 137
64 177
64 184
64 193
64 195
64 222
64 225
64 226
64 232
64 236
64 240
64 260
64 267
64 274
64 275
64 278
65 84
65 99
65 121
65 137
65 164
65 177
65 184
65 191
65 193
65 195
65 222
65 225
65 226
65 230
65 232
65 236
65 240
65 246
65 260
65 267
65 274
65 275
65 278
66 69
66 72
66 77
66 82
66 91
66 94
66 95
66 105
66 120
66 131
66 132
66 133
66 156
66 163
66 180
66 245
66 248
66 254
66 257
66 261
66 265
66 280
67 79
67 80
67 86
67 103
67 114
67 117
67 123
67 140
67 153
67 157
67 162
67 165
67 188
67 199
67 200
67 211
67 231
67 237
67 238
67 241
67 249
67 264
68 83
68 93
68 97
68 108
68 109
68 113
68 155
68 158
68 175
68 197
68 202
68 218
68 223
68 234
68 279
69 72
69 77
69 91
69 94
69 131
69 132
69 156
69 163
69 187
69 245
69 248
69 254
69 257
69 261
69 265
69 280
70 81
70 90
70 92
70 96
70 104
70 109
70 124
70 134
70 137
70 151
70 172
70 173
70 194
70 196
70 208
70 213
70 223
70 255
70 263
71 98
71 107
71 111
71 141
71 146
71 166
71 182
71 191
71 204
71 212
71 215
71 233
71 235
71 239
71 276
72 77
72 91
72 94
72 131
72 132
72 156
72 163
72 187
72 245
72 248
72 254
72 257
72 261
72 265
72 280
74 75
74 76
74 78
74 85
74 90
74 102
74 116
74 122
74 128
74 135
74 136
74 169
74 176
74 192
74 198
74 219
74 221
74 229
74 252
74 259
74 271
74 277
74 282
75 76
75 78
75 85
75 90
75 102
75 116
75 122
75 128
75 135
75 136
75 169
75 176
75 192
75 198
75 219
75 221
75 229
75 252
75 259
75 271
75 277
75 282
76 78
76 85
76 90
76 102
76 115
76 116
76 122
76 128
76 135
76 136
76 140
76 169
76 176
76 178
76 180
76 185
76 192
76 198
76 219
76 221
76 228
76 229
76 252
76 259
76 271
76 277
76 282
77 82
77 91
77 94
77 95
77 105
77 120
77 131
77 132
77 133
77 156
77 163
77 187
77 245
77 248
77 254
77 257
77 261
77 265
77 280
78 85
78 90
78 102
78 115
78 128
78 135
78 136
78 140
78 176
78 178
78 180
78 185
78 192
78 198
78 219
78 221
78 228
78 229
78 252
78 259
78 271
78 277
78 282
79 80
79 86
79 103
79 114
79 117
79 123
79 140
79 153
79 157
79 162
79 165
79 188
79 199
79 211
79 231
79 237
79 238
79 264
80 86
80 103
80 114
80 117
80 123
80 140
80 153
80 157
80 162
80 165
80 188
80 199
80 200
80 211
80 231
80 237
80 238
80 249
80 264
81 90
81 92
81 96
81 104
81 109
81 124
81 126
81 127
81 134
81 137
81 144
81 151
81 172
81 173
81 194
81 196
81 208
81 213
81 223
81 224
81 255
81 263
82 94
82 95
82 105
82 120
82 131
82 132
82 133
82 163
82 180
82 245
82 254
82 261
82 265
83 93
83 97
83 108
83 109
83 113
83 155
83 158
83 175
83 197
83 202
83 218
83 223
83 234
83 279
84 99
84 121
84 137
84 164
84 177
84 184
84 191
84 193
84 195
84 222
84 225
84 226
84 232
84 236
84 240
84 246
84 260
84 267
84 274
84 275
84 278
85 90
85 102
85 116
85 122
85 128
85 135
85 136
85 169
85 176
85 192
85 198
85 219
85 221
85 229
85 252
85 259
85 271
85 277
85 282
86 103
86 114
86 117
86 123
86 140
86 153
86 157
86 162
86 165
86 188
86 199
86 200
86 211
86 231
86 237
86 238
86 241
86 249
86 264
87 90
87 110
87 125
87 147
87 159
87 161
87 174
87 205
87 206
87 214
87 223
87 242
87 250
88 93
88 108
88 109
88 113
88 138
88 155
88 202
88 218
88 223
88 234
89 98
89 101
89 107
89 111
89 119
89 141
89 146
89 164
89 166
89 178
89 182
89 185
89 190
89 215
89 220
89 228
89 233
89 235
89 239
89 272
89 276
90 92
90 96
90 102
90 104
90 106
90 110
90 115
90 116
90 122
90 124
90 125
90 126
90 127
90 128
90 134
90 135
90 136
90 137
90 140
90 144
90 147
90 151
90 159
90 160
90 161
90 169
90 172
90 173
90 174
90 176
90 178
90 180
90 185
90 192
90 194
90 198
90 205
90 206
90 208
90 213
90 214
90 219
90 221
90 223
90 224
90 228
90 229
90 242
90 250
90 252
90 253
90 255
90 259
90 262
90 263
90 271
90 277
90 282
91 94
91 131
91 132
91 156
91 163
91 187
91 245
91 248
91 254
91 257
91 261
91 265
91 280
92 96
92 104
92 106
92 109
92 124
92 126
92 127
92 134
92 137
92 144
92 151
92 172
92 173
92 194
92 208
92 213
92 223
92 224
92 253
92 255
92 263
93 97
93 108
93 109
93 113
93 138
93 142
93 155
93 158
93 175
93 197
93 202
93 218
93 223
93 234
93 244
93 279
94 95
94 105
94 120
94 131
94 132
94 133
94 156
94 163
94 180
94 245
94 248
94 254
94 257
94 261
94 265
94 280
95 105
95 120
95 131
95 132
95 133
95 163
95 180
95 245
95 254
95 261
95 265
96 104
96 109
96 124
96 126
96 127
96 134
96 137
96 144
96 151
96 172
96 173
96 194
96 196
96 208
96 213
96 223
96 224
96 255
96 263
97 108
97 109
97 113
97 142
97 155
97 158
97 175
97 197
97 202
97 223
97 234
97 244
97 279
98 101
98 107
98 111
98 119
98 141
98 146
98 164
98 166
98 178
98 182
98 185
98 190
98 191
98 204
98 212
98 215
98 220
98 228
98 233
98 235
98 239
98 272
98 276
99 121
99 164
99 177
99 184
99 191
99 193
99 222
99 226
99 236
99 240
99 246
99 267
99 274
99 278
101 107
101 111
101 119
101 141
101 146
101 164
101 166
101 178
101 182
101 185
101 190
101 215
101 220
101 228
101 233
101 235
101 239
101 272
101 276
102 116
102 122
102 128
102 135
102 136
102 169
102 176
102 192
102 198
102 219
102 221
102 229
102 252
102 259
102 271
102 277
102 282
103 114
103 117
103 123
103 140
103 153
103 157
103 162
103 165
103 188
103 199
103 200
103 211
103 231
103 237
103 238
103 241
103 249
103 264
104 109
104 124
104 134
104 137
104 151
104 172
104 173
104 194
104 196
104 208
104 213
104 223
104 255
104 263
105 120
105 131
105 132
105 133
105 163
105 180
105 245
105 254
105 261
105 265
106 124
106 126
106 127
106 144
106 160
106 172
106 173
106 194
106 201
106 205
106 208
106 213
106 214
106 223
106 224
106 242
106 250
106 253
106 262
106 263
107 111
107 119
107 141
107 146
107 166
107 182
107 191
107 204
107 212
107 215
107 233
107 235
107 239
107 272
107 276
108 109
108 113
108 138
108 155
108 158
108 175
108 197
108 202
108 218
108 223
108 234
108 279
109 113
109 124
109 126
109 127
109 134
109 138
109 144
109 151
109 155
109 158
109 173
109 175
109 194
109 196
109 197
109 202
109 208
109 213
109 218
109 224
109 234
109 255
109 263
109 279
110 125
110 147
110 159
110 160
110 161
110 174
110 205
110 206
110 214
110 223
110 242
110 250
110 262
111 119
111 141
111 146
111 166
111 182
111 191
111 204
111 212
111 215
111 233
111 235
111 239
111 272
111 276
112 148
112 152
112 154
112 170
112 171
112 183
112 186
112 189
112 216
112 218
112 223
112 243
112 244
112 251
112 256
112 258
112 268
112 273
113 138
113 142
113 155
113 158
113 175
113 197
113 202
113 218
113 223
113 234
113 244
113 279
114 117
114 123
114 140
114 153
114 157
114 162
114 165
114 188
114 199
114 211
114 231
114 237
114 238
114 264
115 128
115 135
115 136
115 140
115 178
115 180
115 185
115 198
115 221
115 228
115 229
115 259
115 271
115 277
115 282
116 122
116 169
116 176
116 192
116 198
116 219
116 221
116 252
116 259
116 271
116 282
117 123
117 140
117 153
117 157
117 162
117 165
117 188
117 199
117 211
117 231
117 237
117 238
117 264
118 130
118 167
118 179
118 181
118 203
118 209
118 210
118 227
118 247
118 270
119 141
119 146
119 164
119 178
119 182
119 185
119 190
119 220
119 228
119 233
119 235
119 272
120 131
120 132
120 133
120 163
120 180
120 245
120 254
120 261
120 265
121 137
121 164
121 177
121 184
121 191
121 193
121 195
121 222
121 225
121 226
121 232
121 236
121 240
121 246
121 260
121 267
121 274
121 275
121 278
122 169
122 176
122 192
122 198
122 219
122 221
122 252
122 259
122 271
122 282
123 140
123 153
123 157
123 162
123 165
123 188
123 199
123 211
123 231
123 237
123 238
123 264
124 126
124 127
124 134
124 137
124 144
124 151
124 172
124 173
124 194
124 196
124 208
124 213
124 223
124 224
124 253
124 255
124 263
125 147
125 159
125 161
125 174
125 205
125 206
125 214
125 223
125 242
125 250
126 127
126 137
126 144
126 172
126 173
126 194
126 208
126 213
126 223
126 224
126 253
126 263
127 137
127 144
127 172
127 173
127 194
127 208
127 213
127 223
127 224
127 253
127 263
128 135
128 136
128 140
128 176
128 178
128 180
128 185
128 192
128 198
128 219
128 221
128 228
128 229
128 252
128 259
128 271
128 277
128 282
130 167
130 179
130 181
130 203
130 207
130 209
130 210
130 227
130 247
130 266
130 270
131 132
131 133
131 156
131 163
131 180
131 245
131 248
131 254
131 257
131 261
131 265
131 280
132 133
132 156
132 163
132 180
132 187
132 245
132 248
132 254
132 257
132 261
132 265
132 280
133 163
133 180
133 245
133 254
133 261
133 265
134 137
134 151
134 172
134 173
134 194
134 196
134 208
134 213
134 223
134 255
134 263
135 136
135 140
135 176
135 178
135 180
135 185
135 192
135 198
135 219
135 221
135 228
135 229
135 252
135 259
135 271
135 277
135 282
136 140
136 176
136 178
136 180
136 185
136 192
136 198
136 219
136 221
136 228
136 229
136 252
136 259
136 271
136 277
136 282
137 144
137 151
137 172
137 173
137 177
137 184
137 193
137 194
137 195
137 196
137 208
137 213
137 222
137 223
137 224
137 225
137 226
137 230
137 232
137 236
137 240
137 255
137 263
137 267
137 274
137 275
137 278
138 155
138 202
138 218
138 223
138 234
139 145
139 149
139 150
139 167
139 168
139 179
139 181
139 207
139 217
139 223
139 247
139 266
139 270
140 153
140 165
140 178
140 180
140 185
140 188
140 198
140 211
140 221
140 228
140 229
140 231
140 237
140 238
140 259
140 264
140 271
140 277
140 282
141 146
141 164
141 166
141 178
141 182
141 185
141 190
141 191
141 204
141 212
141 215
141 220
141 228
141 233
141 235
141 239
141 272
141 276
142 155
142 158
142 175
142 197
142 244
142 279
144 160
144 172
144 173
144 194
144 201
144 205
144 208
144 213
144 214
144 223
144 224
144 242
144 250
144 253
144 262
144 263
145 149
145 150
145 167
145 168
145 179
145 181
145 207
145 217
145 223
145 247
145 266
145 270
146 166
146 182
146 191
146 204
146 212
146 215
146 233
146 235
146 239
146 272
146 276
147 159
147 160
147 161
147 205
147 206
147 214
147 223
147 242
147 250
147 262
148 152
148 154
148 170
148 171
148 183
148 186
148 189
148 216
148 243
148 251
148 256
148 258
148 268
148 269
148 273
149 150
149 167
149 168
149 179
149 181
149 207
149 217
149 223
149 247
149 266
149 270
150 167
150 168
150 179
150 181
150 207
150 217
150 223
150 247
150 266
150 270
151 172
151 173
151 194
151 196
151 208
151 213
151 223
151 255
151 263
152 154
152 170
152 171
152 183
152 186
152 189
152 216
152 218
152 223
152 243
152 244
152 251
152 256
152 258
152 268
152 269
152 273
153 157
153 162
153 165
153 188
153 199
153 211
153 231
153 237
153 238
153 264
154 170
154 171
154 183
154 186
154 189
154 216
154 243
154 251
154 256
154 258
154 268
154 269
154 273
155 158
155 175
155 197
155 202
155 218
155 223
155 234
155 244
155 279
156 163
156 187
156 245
156 248
156 254
156 257
156 261
156 265
156 280
157 162
157 165
157 188
157 199
157 200
157 211
157 231
157 237
157 238
157 241
157 249
157 264
158 175
158 197
158 202
158 218
158 223
158 234
158 244
158 279
159 161
159 174
159 205
159 206
159 214
159 223
159 242
159 250
160 161
160 201
160 205
160 206
160 214
160 223
160 242
160 250
160 262
161 174
161 205
161 206
161 214
161 223
161 242
161 250
161 262
162 165
162 188
162 199
162 200
162 211
162 231
162 237
162 238
162 241
162 249
162 264
163 180
163 187
163 245
163 248
163 254
163 257
163 261
163 265
163 280
164 177
164 178
164 184
164 185
164 190
164 191
164 193
164 220
164 222
164 226
164 228
164 236
164 240
164 246
164 267
164 272
164 274
164 278
165 188
165 199
165 200
165 211
165 231
165 237
165 238
165 249
165 264
166 182
166 191
166 204
166 212
166 215
166 233
166 235
166 239
166 272
166 276
167 168
167 179
167 181
167 203
167 207
167 209
167 210
167 217
167 223
167 227
167 247
167 266
167 270
168 179
168 207
168 217
168 223
168 247
169 176
169 192
169 198
169 219
169 221
169 252
169 259
169 271
169 282
170 171
170 183
170 186
170 189
170 216
170 243
170 251
170 256
170 258
170 268
170 269
170 273
171 183
171 189
171 216
171 218
171 223
171 243
171 244
171 251
171 256
171 258
171 268
171 269
171 273
172 173
172 194
172 196
172 208
172 213
172 223
172 224
172 253
172 255
172 263
173 194
173 196
173 208
173 224
173 253
173 255
173 263
174 205
174 206
174 214
174 223
174 242
174 250
175 197
175 202
175 223
175 234
175 244
175 279
176 192
176 198
176 219
176 221
176 229
176 252
176 259
176 271
176 277
176 282
177 184
177 191
177 193
177 195
177 222
177 225
177 226
177 232
177 236
177 240
177 246
177 260
177 267
177 274
177 275
177 278
178 180
178 185
178 190
178 198
178 220
178 221
178 228
178 229
178 259
178 271
178 272
178 277
178 282
179 181
179 203
179 207
179 209
179 210
179 217
179 223
179 227
179 247
179 266
179 270
180 185
180 198
180 221
180 228
180 229
180 245
180 254
180 259
180 261
180 265
180 271
180 277
180 282
181 203
181 207
181 209
181 210
181 217
181 227
181 247
181 266
181 270
182 191
182 204
182 212
182 215
182 233
182 235
182 239
182 272
182 276
183 186
183 189
183 216
183 218
183 223
183 243
183 244
183 251
183 256
183 258
183 268
183 269
183 273
184 191
184 193
184 222
184 226
184 236
184 240
184 246
184 260
184 267
184 274
184 275
184 278
185 190
185 198
185 220
185 221
185 228
185 229
185 259
185 271
185 272
185 277
185 282
186 189
186 216
186 218
186 243
186 244
186 251
186 256
186 258
186 268
186 269
186 273
187 245
187 248
187 257
187 265
187 280
188 199
188 200
188 211
188 231
188 237
188 238
188 241
188 249
188 264
189 216
189 218
189 223
189 243
189 244
189 251
189 256
189 258
189 268
189 269
189 273
190 220
190 228
190 272
191 193
191 204
191 212
191 215
191 222
191 226
191 233
191 235
191 236
191 239
191 240
191 246
191 267
191 274
191 276
191 278
192 198
192 219
192 221
192 229
192 252
192 259
192 271
192 277
192 282
193 222
193 226
193 236
193 240
193 246
193 260
193 267
193 274
193 275
193 278
194 208
194 213
194 223
194 224
194 253
194 255
194 263
195 222
195 225
195 226
195 230
195 232
195 260
195 267
195 274
195 275
195 278
196 213
196 255
197 202
197 223
197 234
197 244
197 279
198 219
198 221
198 228
198 229
198 252
198 259
198 271
198 277
198 282
199 200
199 211
199 231
199 237
199 238
199 241
199 249
199 264
200 211
200 231
200 237
200 238
200 241
200 249
200 264
201 205
201 214
201 242
201 250
201 262
202 218
202 223
202 234
202 279
203 207
203 209
203 210
203 227
203 247
203 266
203 270
204 212
204 215
204 233
204 235
204 239
204 276
205 206
205 223
205 242
205 250
205 262
206 214
206 223
206 242
206 250
206 262
207 209
207 210
207 217
207 223
207 227
207 247
207 266
207 270
208 213
208 223
208 224
208 253
208 255
208 263
209 210
209 227
209 247
209 266
209 270
210 227
210 247
210 266
210 270
211 231
211 237
211 238
211 241
211 249
211 264
212 215
212 233
212 235
212 239
212 276
213 223
213 224
213 255
213 263
214 223
214 242
214 250
214 262
215 233
215 235
215 239
215 272
215 276
216 243
216 251
216 256
216 258
216 268
216 269
216 273
217 223
217 247
217 266
217 270
218 223
218 234
218 243
218 244
218 251
218 256
218 258
218 268
218 269
218 273
218 279
219 221
219 229
219 252
219 259
219 271
219 277
219 282
220 228
220 272
221 228
221 229
221 252
221 259
221 271
221 277
221 282
222 225
222 226
222 230
222 232
222 236
222 240
222 246
222 260
222 267
222 274
222 275
222 278
223 224
223 234
223 242
223 243
223 244
223 247
223 250
223 251
223 253
223 255
223 256
223 258
223 262
223 263
223 268
223 269
223 273
223 279
224 253
224 263
225 226
225 230
225 232
225 260
225 267
225 274
225 275
225 278
226 230
226 232
226 236
226 240
226 246
226 260
226 267
226 274
226 275
226 278
227 247
227 266
227 270
228 229
228 259
228 271
228 272
228 277
228 282
229 252
229 259
229 271
229 277
229 282
230 232
230 260
230 275
231 237
231 238
231 249
231 264
232 260
232 267
232 274
232 275
232 278
233 235
233 239
233 272
233 276
234 279
235 239
235 272
235 276
236 240
236 246
236 260
236 267
236 274
236 275
236 278
237 238
237 241
237 249
237 264
238 249
238 264
239 272
239 276
240 246
240 260
240 267
240 274
240 275
240 278
241 249
242 250
242 262
243 244
243 251
243 256
243 258
243 268
243 269
243 273
244 251
244 256
244 258
244 268
244 269
244 273
244 279
245 248
245 254
245 257
245 261
245 265
245 280
246 267
246 274
246 278
247 266
247 270
248 254
248 257
248 261
248 265
248 280
249 264
250 262
251 256
251 258
251 268
251 269
251 273
252 259
252 271
252 277
252 282
253 263
254 257
254 261
254 265
254 280
255 263
256 258
256 268
256 269
256 273
257 261
257 265
257 280
258 268
258 269
258 273
259 271
259 277
259 282
260 267
260 274
260 275
260 278
261 265
261 280
265 280
266 270
267 274
267 275
267 278
268 269
268 273
269 273
271 277
271 282
272 276
274 275
274 278
275 278
277 282
