55 59
0 3 2 10 2 29 2 
1 2 3 16 2 20 2 22 2 
2 3 1 55 2 
3 2 2 9 2 11 2 
4 3 2 17 2 52 2 
5 2 2 17 2 32 2 
6 4 49 0 1 1 1 2 1 3 1 4 1 5 1 6 1 7 1 8 1 9 1 10 1 12 1 13 1 14 1 15 1 16 1 17 1 18 1 19 1 20 1 21 1 22 1 23 1 25 1 26 2 27 1 28 1 30 2 31 1 32 1 33 1 34 1 35 1 36 1 37 1 38 1 39 2 40 2 41 2 42 2 43 2 44 2 45 2 46 2 47 2 48 2 49 2 50 2 58 2 
7 2 5 9 2 10 2 13 2 22 2 49 2 
8 3 6 9 2 13 2 17 2 32 2 52 2 57 2 
9 3 2 26 2 57 2 
10 2 4 9 2 17 2 18 2 49 2 
11 2 2 17 2 32 2 
12 3 3 13 2 18 2 24 2 
13 3 3 13 2 18 2 24 2 
14 2 3 11 2 18 2 26 2 
15 2 4 9 2 17 2 18 2 49 2 
16 4 49 0 1 1 1 2 1 3 1 4 1 5 1 6 1 7 1 8 1 9 1 10 1 12 1 13 1 14 1 15 1 16 1 17 1 18 1 19 1 20 1 21 1 22 1 23 1 25 1 26 2 27 1 28 1 30 2 31 1 32 1 33 1 34 1 35 1 36 1 37 1 38 1 39 2 40 2 41 2 42 2 43 2 44 2 45 2 46 2 47 2 48 2 49 2 50 2 58 2 
17 3 1 9 2 
18 3 2 9 2 26 2 
19 2 18 3 1 9 1 11 1 18 2 19 1 26 1 32 2 33 1 38 1 41 2 42 2 43 2 44 2 45 2 46 2 47 2 48 2 50 2 
20 4 49 0 1 1 1 2 1 3 1 4 1 5 1 6 1 7 1 8 1 9 1 10 1 12 1 13 1 14 1 15 1 16 1 17 1 18 1 19 1 20 1 21 1 22 1 23 1 25 1 26 2 27 1 28 1 30 2 31 1 32 1 33 1 34 1 35 1 36 1 37 1 38 1 39 2 40 2 41 2 42 2 43 2 44 2 45 2 46 2 47 2 48 2 49 2 50 2 58 2 
21 2 1 49 2 
22 2 1 13 2 
23 3 3 13 2 18 2 24 2 
24 3 3 18 2 24 2 32 2 
25 3 6 9 2 13 2 17 2 32 2 52 2 57 2 
26 3 6 9 2 13 2 17 2 32 2 52 2 57 2 
27 3 2 22 2 55 2 
28 2 1 18 2 
29 3 2 26 2 57 2 
30 3 2 17 2 52 2 
31 3 2 11 2 51 2 
32 3 3 13 2 18 2 24 2 
33 3 6 9 2 13 2 17 2 32 2 52 2 57 2 
34 3 3 13 2 18 2 24 2 
35 2 4 9 2 17 2 18 2 49 2 
36 2 1 24 2 
37 2 2 22 2 55 2 
38 2 1 10 2 
39 2 1 55 2 
40 3 1 57 2 
41 2 3 2 2 10 2 49 2 
42 3 3 13 2 18 2 24 2 
43 3 2 10 2 22 2 
44 2 6 0 2 10 2 14 2 53 2 54 2 56 2 
45 3 2 10 2 22 2 
46 3 3 13 2 18 2 24 2 
47 2 18 3 1 9 1 11 1 18 2 19 1 26 1 32 2 33 1 38 1 41 2 42 2 43 2 44 2 45 2 46 2 47 2 48 2 50 2 
48 2 1 13 2 
49 3 3 18 2 24 2 32 2 
50 4 49 0 1 1 1 2 1 3 1 4 1 5 1 6 1 7 1 8 1 9 1 10 1 12 1 13 1 14 1 15 1 16 1 17 1 18 1 19 1 20 1 21 1 22 1 23 1 25 1 26 2 27 1 28 1 30 2 31 1 32 1 33 1 34 1 35 1 36 1 37 1 38 1 39 2 40 2 41 2 42 2 43 2 44 2 45 2 46 2 47 2 48 2 49 2 50 2 58 2 
51 2 4 9 2 17 2 18 2 49 2 
52 4 49 0 1 1 1 2 1 3 1 4 1 5 1 6 1 7 1 8 1 9 1 10 1 12 1 13 1 14 1 15 1 16 1 17 1 18 1 19 1 20 1 21 1 22 1 23 1 25 1 26 2 27 1 28 1 30 2 31 1 32 1 33 1 34 1 35 1 36 1 37 1 38 1 39 2 40 2 41 2 42 2 43 2 44 2 45 2 46 2 47 2 48 2 49 2 50 2 58 2 
53 3 1 52 2 
54 3 2 9 2 11 2 
165
0 8
0 21
0 30
0 34
0 49
1 3
1 13
1 46
2 6
2 7
2 9
2 19
2 23
2 31
2 33
2 43
2 45
3 5
3 11
3 12
3 13
3 28
3 32
3 44
3 46
3 52
4 16
4 26
4 37
4 40
4 54
5 11
5 12
5 32
5 52
6 7
6 9
6 19
6 23
6 29
6 31
6 33
6 39
6 43
6 45
6 47
7 9
7 19
7 23
7 29
7 31
7 33
7 39
7 43
7 45
7 47
8 21
8 30
8 34
8 49
9 19
9 23
9 31
9 33
9 43
9 45
10 15
10 20
10 22
10 35
10 41
10 51
11 12
11 32
11 52
12 52
13 17
13 28
13 44
13 46
14 27
15 20
15 22
15 35
15 41
15 51
16 26
16 37
16 40
16 54
17 28
17 44
17 46
18 21
18 31
18 32
18 33
18 43
19 23
19 31
19 33
19 43
19 45
20 22
20 35
20 36
20 41
20 51
21 30
21 31
21 32
21 33
21 34
21 43
21 49
22 35
22 36
22 41
22 42
22 51
22 53
23 29
23 31
23 33
23 38
23 39
23 43
23 45
23 47
25 50
26 37
26 40
26 54
28 44
28 46
29 38
29 39
29 45
29 47
30 34
30 49
31 32
31 33
31 43
32 33
32 43
32 52
33 43
34 49
35 41
35 51
37 54
38 39
38 45
38 47
39 45
39 47
40 50
40 54
41 51
42 48
42 53
44 46
45 47
48 53
