55 71
0 3 2 21 2 68 2 
1 2 2 57 2 59 2 
2 3 1 24 2 
3 3 1 53 2 
4 2 1 63 2 
5 2 4 8 2 24 2 27 2 29 2 
6 2 2 16 2 33 2 
7 3 1 15 2 
8 3 4 5 2 16 2 24 2 64 2 
9 2 2 21 2 58 2 
10 3 2 5 2 21 2 
11 3 1 15 2 
12 2 2 66 2 67 2 
13 3 1 58 2 
14 2 2 21 2 58 2 
15 3 2 57 2 69 2 
16 3 4 15 2 61 2 62 2 63 2 
17 3 1 61 2 
18 3 4 15 2 25 2 28 2 52 2 
19 3 2 62 2 64 2 
20 2 3 59 2 62 2 70 2 
21 3 3 5 2 53 2 57 2 
22 3 2 15 2 62 2 
23 3 2 56 2 57 2 
24 2 4 4 2 14 2 23 2 64 2 
25 3 1 53 2 
26 2 1 16 2 
27 2 4 4 2 14 2 23 2 64 2 
28 3 7 21 2 45 2 47 2 53 2 57 2 58 2 59 2 
29 3 5 11 2 14 2 61 2 63 2 65 2 
30 2 1 16 2 
31 3 4 15 2 61 2 62 2 63 2 
32 2 1 63 2 
33 2 2 33 2 64 2 
34 3 4 15 2 61 2 62 2 63 2 
35 3 1 59 2 
36 3 1 53 2 
37 2 3 5 2 54 2 62 2 
38 2 3 11 2 61 2 65 2 
39 3 2 11 2 24 2 
40 2 3 5 2 54 2 62 2 
41 3 4 15 2 61 2 62 2 63 2 
42 3 1 53 2 
43 3 1 66 2 
44 3 2 40 2 53 2 
45 2 6 0 2 10 2 14 2 55 2 60 2 64 2 
46 3 4 5 2 16 2 24 2 64 2 
47 3 1 14 2 
48 3 1 58 2 
49 2 1 58 2 
50 2 3 14 2 61 2 65 2 
51 2 6 0 2 10 2 14 2 55 2 60 2 64 2 
52 3 2 40 2 53 2 
53 2 1 66 2 
54 4 49 0 1 1 1 2 1 3 1 4 1 5 1 6 1 7 1 8 1 9 1 10 1 12 1 13 1 14 1 15 1 16 1 17 1 18 1 19 1 20 1 21 1 22 1 24 1 25 1 26 2 27 1 28 1 30 2 31 1 32 1 34 1 35 1 36 1 37 1 38 1 39 1 40 2 41 2 42 2 43 2 44 2 45 2 46 2 47 2 48 2 49 2 50 2 51 2 68 2 
121
0 23
0 29
0 49
1 13
1 37
2 14
2 25
2 48
2 52
3 9
3 16
3 17
3 30
3 31
3 32
3 41
4 15
4 39
4 43
4 47
5 11
5 27
6 24
6 29
6 34
6 42
6 44
7 20
7 35
7 50
7 53
8 18
8 23
8 40
9 16
9 17
9 30
9 31
9 32
9 36
9 41
10 22
10 38
10 45
10 51
10 54
11 27
12 24
12 42
12 44
13 22
13 37
14 25
14 48
14 52
15 28
15 33
15 39
15 43
15 47
16 17
16 30
16 31
16 32
16 36
17 30
17 31
17 32
17 36
18 23
18 40
19 26
19 45
19 51
19 54
20 35
20 50
20 53
21 27
22 37
22 38
23 29
23 40
23 49
24 34
24 42
24 44
25 46
25 48
26 45
26 51
26 54
28 33
28 39
28 43
29 34
29 42
29 44
30 31
30 32
30 36
31 32
31 36
32 36
33 39
33 43
34 42
34 44
35 50
35 53
36 41
39 43
39 47
43 47
45 51
45 54
46 48
46 52
48 52
50 53
51 54
