332 110
0 3 2 73 2 91 2 
1 3 2 39 2 74 2 
2 3 2 30 2 92 2 
3 3 8 0 1 4 2 6 2 25 2 40 2 66 2 67 2 68 2 
4 3 1 26 2 
5 3 7 7 2 22 2 25 2 34 2 41 2 66 2 67 2 
6 4 23 0 1 2 1 5 1 7 1 9 2 10 1 11 1 17 1 22 1 30 2 33 1 37 1 39 1 41 2 46 1 48 2 49 2 50 2 51 2 52 2 53 2 58 2 59 2 
7 3 2 15 2 37 2 
8 3 7 7 2 22 2 25 2 34 2 41 2 66 2 67 2 
9 4 23 0 1 2 1 5 1 7 1 9 2 10 1 11 1 17 1 22 1 30 2 33 1 37 1 39 1 41 2 46 1 48 2 49 2 50 2 51 2 52 2 53 2 58 2 59 2 
10 2 3 34 2 42 2 90 2 
11 2 18 3 1 10 1 13 1 20 2 21 1 30 1 37 2 39 1 46 1 49 2 50 2 51 2 52 2 53 2 55 2 56 2 57 2 59 2 
12 3 3 12 2 16 2 95 2 
13 3 4 8 2 21 2 54 2 78 2 
14 2 2 2 2 64 2 
15 3 3 6 2 25 2 67 2 
16 3 3 12 2 16 2 95 2 
17 3 8 0 1 4 2 6 2 25 2 40 2 66 2 67 2 68 2 
18 3 8 0 1 4 2 6 2 25 2 40 2 66 2 67 2 68 2 
19 3 5 28 2 29 2 60 2 93 2 100 2 
20 4 23 0 1 2 1 5 1 7 1 9 2 10 1 11 1 17 1 22 1 30 2 33 1 37 1 39 1 41 2 46 1 48 2 49 2 50 2 51 2 52 2 53 2 58 2 59 2 
21 2 1 74 2 
22 3 7 5 2 23 2 79 2 80 2 81 2 82 2 103 2 
23 3 2 47 2 61 2 
24 3 7 5 2 23 2 79 2 80 2 81 2 82 2 103 2 
25 3 1 39 2 
26 2 1 87 2 
27 2 4 28 2 29 2 33 2 100 2 
28 3 5 29 2 32 2 33 2 43 2 93 2 
29 3 1 93 2 
30 2 1 76 2 
31 3 1 2 2 
32 2 2 34 2 46 2 
33 3 2 33 2 45 2 
34 3 7 5 2 23 2 79 2 80 2 81 2 82 2 103 2 
35 3 5 28 2 29 2 60 2 93 2 100 2 
36 2 2 97 2 98 2 
37 2 1 34 2 
38 3 8 0 1 4 2 6 2 25 2 40 2 66 2 67 2 68 2 
39 2 2 1 2 78 2 
40 3 6 10 2 15 2 19 2 37 2 69 2 92 2 
41 3 3 5 2 61 2 80 2 
42 3 1 81 2 
43 2 6 28 2 33 2 42 2 43 2 72 2 83 2 
44 3 5 28 2 29 2 60 2 93 2 100 2 
45 3 8 0 1 4 2 6 2 25 2 40 2 66 2 67 2 68 2 
46 3 2 30 2 92 2 
47 2 2 18 2 38 2 
48 4 23 0 1 2 1 5 1 7 1 9 2 10 1 11 1 17 1 22 1 30 2 33 1 37 1 39 1 41 2 46 1 48 2 49 2 50 2 51 2 52 2 53 2 58 2 59 2 
49 4 23 0 1 2 1 5 1 7 1 9 2 10 1 11 1 17 1 22 1 30 2 33 1 37 1 39 1 41 2 46 1 48 2 49 2 50 2 51 2 52 2 53 2 58 2 59 2 
50 2 1 39 2 
51 3 2 79 2 80 2 
52 3 2 35 2 75 2 
53 2 4 9 2 26 2 31 2 33 2 
54 2 18 3 1 10 1 13 1 20 2 21 1 30 1 37 2 39 1 46 1 49 2 50 2 51 2 52 2 53 2 55 2 56 2 57 2 59 2 
55 2 5 20 2 47 2 86 2 92 2 93 2 
56 2 5 10 2 11 2 15 2 24 2 58 2 
57 2 9 11 2 14 2 15 2 19 2 51 2 52 2 55 2 58 2 59 2 
58 2 2 18 2 38 2 
59 2 18 3 1 10 1 13 1 20 2 21 1 30 1 37 2 39 1 46 1 49 2 50 2 51 2 52 2 53 2 55 2 56 2 57 2 59 2 
60 3 2 12 2 26 2 
61 3 2 39 2 64 2 
62 2 1 10 2 
63 3 7 5 2 23 2 79 2 80 2 81 2 82 2 103 2 
64 3 5 28 2 29 2 60 2 93 2 100 2 
65 3 7 7 2 22 2 25 2 34 2 41 2 66 2 67 2 
66 3 4 71 2 96 2 99 2 105 2 
67 4 23 0 1 2 1 5 1 7 1 9 2 10 1 11 1 17 1 22 1 30 2 33 1 37 1 39 1 41 2 46 1 48 2 49 2 50 2 51 2 52 2 53 2 58 2 59 2 
68 3 3 6 2 25 2 67 2 
69 4 23 0 1 2 1 5 1 7 1 9 2 10 1 11 1 17 1 22 1 30 2 33 1 37 1 39 1 41 2 46 1 48 2 49 2 50 2 51 2 52 2 53 2 58 2 59 2 
70 2 3 31 2 43 2 89 2 
71 3 2 30 2 92 2 
72 3 7 7 2 22 2 25 2 34 2 41 2 66 2 67 2 
73 3 2 5 2 23 2 
74 2 1 24 2 
75 3 2 85 2 88 2 
76 3 2 63 2 65 2 
77 2 2 64 2 65 2 
78 2 5 4 2 39 2 64 2 74 2 81 2 
79 2 3 16 2 84 2 95 2 
80 3 2 70 2 100 2 
81 2 1 78 2 
82 2 2 8 2 101 2 
83 3 1 24 2 
84 3 7 7 2 22 2 25 2 34 2 41 2 66 2 67 2 
85 3 1 20 2 
86 3 1 91 2 
87 3 3 6 2 25 2 67 2 
88 3 3 12 2 16 2 95 2 
89 3 5 28 2 29 2 60 2 93 2 100 2 
90 2 1 76 2 
91 3 7 7 2 22 2 25 2 34 2 41 2 66 2 67 2 
92 3 7 7 2 22 2 25 2 34 2 41 2 66 2 67 2 
93 3 42 0 1 1 1 2 1 4 1 5 1 9 1 10 1 12 1 18 1 19 2 20 1 26 1 27 1 28 1 29 1 30 1 33 1 34 1 36 1 37 1 38 1 40 1 41 1 42 1 43 1 46 1 47 2 48 2 49 2 50 2 51 2 52 2 53 2 54 2 55 2 56 2 57 2 58 2 59 2 60 2 61 2 62 2 
94 3 5 28 2 29 2 60 2 93 2 100 2 
95 2 5 20 2 47 2 71 2 86 2 100 2 
96 2 6 28 2 33 2 42 2 43 2 72 2 83 2 
97 3 8 0 1 4 2 6 2 25 2 40 2 66 2 67 2 68 2 
98 3 10 1 2 2 2 21 2 36 2 44 2 62 2 63 2 76 2 77 2 78 2 
99 4 23 0 1 2 1 5 1 7 1 9 2 10 1 11 1 17 1 22 1 30 2 33 1 37 1 39 1 41 2 46 1 48 2 49 2 50 2 51 2 52 2 53 2 58 2 59 2 
100 2 6 28 2 33 2 42 2 43 2 72 2 83 2 
101 4 49 0 1 1 1 2 1 3 1 4 1 5 1 7 1 8 1 9 1 10 1 11 1 14 1 15 1 16 1 17 1 18 1 19 1 20 1 21 1 22 1 23 1 24 1 26 1 28 1 30 2 31 1 32 1 34 2 35 1 37 1 39 1 41 1 43 1 44 1 45 1 46 1 47 2 48 2 49 2 50 2 51 2 52 2 53 2 55 2 56 2 57 2 58 2 59 2 104 2 
102 2 2 1 2 36 2 
103 2 3 11 2 15 2 37 2 
104 2 1 39 2 
105 2 1 86 2 
106 3 1 97 2 
107 3 10 1 2 2 2 21 2 36 2 44 2 62 2 63 2 76 2 77 2 78 2 
108 3 1 54 2 
109 3 10 1 2 2 2 21 2 36 2 44 2 62 2 63 2 76 2 77 2 78 2 
110 1 4 32 2 43 2 93 2 100 2 
111 3 5 12 2 16 2 84 2 86 2 95 2 
112 3 7 5 2 23 2 79 2 80 2 81 2 82 2 103 2 
113 3 10 1 2 2 2 21 2 36 2 44 2 62 2 63 2 76 2 77 2 78 2 
114 3 10 1 2 2 2 21 2 36 2 44 2 62 2 63 2 76 2 77 2 78 2 
115 2 6 28 2 33 2 42 2 43 2 72 2 83 2 
116 3 42 0 1 1 1 2 1 4 1 5 1 9 1 10 1 12 1 18 1 19 2 20 1 26 1 27 1 28 1 29 1 30 1 33 1 34 1 36 1 37 1 38 1 40 1 41 1 42 1 43 1 46 1 47 2 48 2 49 2 50 2 51 2 52 2 53 2 54 2 55 2 56 2 57 2 58 2 59 2 60 2 61 2 62 2 
117 3 1 2 2 
118 3 3 29 2 71 2 83 2 
119 3 2 63 2 65 2 
120 3 3 4 2 46 2 66 2 
121 3 1 41 2 
122 3 2 6 2 66 2 
123 2 1 39 2 
124 2 1 87 2 
125 3 1 24 2 
126 2 2 13 2 64 2 
127 2 1 58 2 
128 3 42 0 1 1 1 2 1 4 1 5 1 9 1 10 1 12 1 18 1 19 2 20 1 26 1 27 1 28 1 29 1 30 1 33 1 34 1 36 1 37 1 38 1 40 1 41 1 42 1 43 1 46 1 47 2 48 2 49 2 50 2 51 2 52 2 53 2 54 2 55 2 56 2 57 2 58 2 59 2 60 2 61 2 62 2 
129 3 7 7 2 22 2 25 2 34 2 41 2 66 2 67 2 
130 3 7 7 2 22 2 25 2 34 2 41 2 66 2 67 2 
131 3 2 15 2 37 2 
132 3 6 6 2 22 2 34 2 41 2 66 2 67 2 
133 4 23 0 1 2 1 5 1 7 1 9 2 10 1 11 1 17 1 22 1 30 2 33 1 37 1 39 1 41 2 46 1 48 2 49 2 50 2 51 2 52 2 53 2 58 2 59 2 
134 2 6 28 2 33 2 42 2 43 2 72 2 83 2 
135 3 10 1 2 2 2 21 2 36 2 44 2 62 2 63 2 76 2 77 2 78 2 
136 3 2 15 2 37 2 
137 2 6 28 2 33 2 42 2 43 2 72 2 83 2 
138 3 1 17 2 
139 2 4 0 1 6 1 34 2 46 2 
140 2 6 28 2 33 2 42 2 43 2 72 2 83 2 
141 3 2 40 2 86 2 
142 3 7 5 2 23 2 79 2 80 2 81 2 82 2 103 2 
143 3 1 2 2 
144 3 2 28 2 33 2 
145 3 1 104 2 
146 3 1 29 2 
147 3 1 105 2 
148 2 1 58 2 
149 3 2 17 2 85 2 
150 2 1 60 2 
151 3 2 80 2 106 2 
152 2 1 34 2 
153 3 1 61 2 
154 3 2 2 2 21 2 
155 2 1 36 2 
156 3 1 90 2 
157 3 1 105 2 
158 2 2 33 2 107 2 
159 4 7 0 1 7 2 13 2 15 2 22 1 35 2 46 1 
160 2 2 1 2 38 2 
161 3 2 0 2 75 2 
162 2 2 1 2 38 2 
163 2 1 97 2 
164 2 1 34 2 
165 3 2 0 1 4 2 
166 3 1 40 2 
167 2 2 19 2 93 2 
168 4 7 0 1 7 2 13 2 15 2 22 1 35 2 46 1 
169 4 7 0 1 7 2 13 2 15 2 22 1 35 2 46 1 
170 2 2 4 1 45 2 
171 3 1 40 2 
172 3 1 29 2 
173 2 1 81 2 
174 2 1 35 2 
175 3 1 23 2 
176 4 7 0 1 7 2 13 2 15 2 22 1 35 2 46 1 
177 3 1 16 2 
178 3 2 23 2 104 2 
179 2 2 33 2 107 2 
180 4 7 0 1 7 2 13 2 15 2 22 1 35 2 46 1 
181 3 1 17 2 
182 3 3 20 2 27 2 37 2 
183 3 1 91 2 
184 2 1 96 2 
185 3 1 9 2 
186 2 1 38 2 
187 3 2 2 2 21 2 
188 3 1 40 2 
189 3 1 34 2 
190 2 1 18 2 
191 3 2 10 2 30 2 
192 2 1 60 2 
193 3 3 6 2 7 2 22 2 
194 3 2 0 2 75 2 
195 3 1 61 2 
196 3 1 105 2 
197 3 1 61 2 
198 2 1 81 2 
199 3 2 80 2 106 2 
200 3 2 21 2 64 2 
201 2 2 19 2 93 2 
202 2 2 9 2 28 2 
203 3 2 45 2 47 2 
204 3 2 45 2 47 2 
205 2 2 2 2 21 2 
206 3 1 6 2 
207 2 3 70 2 97 2 100 2 
208 2 5 6 2 22 2 41 2 66 2 67 2 
209 3 2 86 2 97 2 
210 3 7 5 2 23 2 79 2 80 2 81 2 82 2 103 2 
211 3 5 28 2 29 2 60 2 93 2 100 2 
212 3 8 0 1 4 2 6 2 25 2 40 2 66 2 67 2 68 2 
213 2 2 39 2 74 2 
214 3 1 35 2 
215 3 42 0 1 1 1 2 1 4 1 5 1 9 1 10 1 12 1 18 1 19 2 20 1 26 1 27 1 28 1 29 1 30 1 33 1 34 1 36 1 37 1 38 1 40 1 41 1 42 1 43 1 46 1 47 2 48 2 49 2 50 2 51 2 52 2 53 2 54 2 55 2 56 2 57 2 58 2 59 2 60 2 61 2 62 2 
216 3 1 6 2 
217 3 4 5 2 80 2 82 2 102 2 
218 2 2 34 2 46 2 
219 2 5 4 2 39 2 64 2 74 2 81 2 
220 2 1 87 2 
221 3 10 1 2 2 2 21 2 36 2 44 2 62 2 63 2 76 2 77 2 78 2 
222 2 6 28 2 33 2 42 2 43 2 72 2 83 2 
223 2 2 6 2 66 2 
224 3 2 73 2 91 2 
225 3 6 10 2 15 2 19 2 37 2 69 2 92 2 
226 2 7 9 2 28 2 32 2 60 2 72 2 93 2 96 2 
227 2 1 95 2 
228 2 1 31 2 
229 2 1 36 2 
230 2 1 15 2 
231 2 7 4 2 5 2 16 2 42 2 75 2 83 2 88 2 
232 3 7 0 1 9 1 22 1 25 1 31 1 43 1 46 1 
233 2 2 20 2 37 2 
234 3 4 5 2 12 2 26 2 108 2 
235 3 1 69 2 
236 2 2 32 2 43 2 
237 2 1 87 2 
238 2 2 71 2 72 2 
239 2 7 4 2 5 2 16 2 42 2 75 2 83 2 88 2 
240 2 5 5 2 26 2 67 2 85 2 88 2 
241 2 1 85 2 
242 2 6 13 2 19 2 20 2 30 2 37 2 58 2 
243 2 3 46 2 89 2 90 2 
244 2 1 63 2 
245 2 2 73 2 94 2 
246 2 6 13 2 19 2 20 2 30 2 37 2 58 2 
247 2 5 5 2 26 2 67 2 85 2 88 2 
248 2 4 25 2 27 1 31 1 46 1 
249 2 7 4 2 5 2 16 2 42 2 75 2 83 2 88 2 
250 2 1 12 2 
251 2 5 5 2 26 2 67 2 85 2 88 2 
252 2 3 18 2 22 2 24 2 
253 2 3 3 2 64 2 76 2 
254 2 6 13 2 19 2 20 2 30 2 37 2 58 2 
255 3 7 0 1 9 1 22 1 25 1 31 1 43 1 46 1 
256 2 2 9 2 93 2 
257 2 1 4 2 
258 2 7 1 2 3 2 13 2 39 2 44 2 46 2 63 2 
259 2 2 32 2 43 2 
260 2 1 31 2 
261 2 1 73 2 
262 2 1 3 2 
263 3 1 84 2 
264 3 1 27 2 
265 2 2 44 2 77 2 
266 2 5 20 2 47 2 86 2 92 2 93 2 
267 3 3 23 2 61 2 79 2 
268 3 1 80 2 
269 3 1 78 2 
270 1 1 65 2 
271 3 1 35 2 
272 2 5 6 2 22 2 41 2 66 2 67 2 
273 3 2 24 2 87 2 
274 2 2 31 2 40 2 
275 3 1 52 2 
276 3 3 3 1 21 1 39 1 
277 3 1 86 2 
278 2 2 6 2 68 2 
279 3 1 65 2 
280 3 3 43 2 45 2 71 2 
281 2 6 1 2 3 2 10 2 13 2 21 2 46 2 
282 2 4 25 2 27 1 31 1 46 1 
283 2 1 95 2 
284 2 2 91 2 94 2 
285 2 1 87 2 
286 2 2 73 2 94 2 
287 2 1 32 2 
288 2 4 1 2 3 2 38 2 44 2 
289 2 15 5 2 11 1 16 2 17 2 22 2 25 2 26 2 31 2 34 2 42 2 45 2 75 2 83 2 88 2 109 2 
290 2 15 5 2 11 1 16 2 17 2 22 2 25 2 26 2 31 2 34 2 42 2 45 2 75 2 83 2 88 2 109 2 
291 2 1 15 2 
292 2 1 85 2 
293 2 4 25 2 27 1 31 1 46 1 
294 2 6 1 2 3 2 10 2 13 2 21 2 46 2 
295 2 3 89 2 90 2 91 2 
296 2 15 5 2 11 1 16 2 17 2 22 2 25 2 26 2 31 2 34 2 42 2 45 2 75 2 83 2 88 2 109 2 
297 2 4 29 2 43 2 72 2 94 2 
298 2 3 10 2 13 2 37 2 
299 2 15 5 2 11 1 16 2 17 2 22 2 25 2 26 2 31 2 34 2 42 2 45 2 75 2 83 2 88 2 109 2 
300 2 4 23 2 80 2 81 2 85 2 
301 2 4 5 2 23 2 80 2 85 2 
302 2 4 22 2 25 2 66 2 67 2 
303 2 4 29 2 43 2 72 2 94 2 
304 2 4 5 2 23 2 80 2 85 2 
305 2 1 93 2 
306 2 4 29 2 43 2 72 2 94 2 
307 2 1 36 2 
308 2 6 1 2 3 2 10 2 13 2 21 2 46 2 
309 2 4 5 2 23 2 80 2 85 2 
310 2 4 1 2 3 2 38 2 44 2 
311 2 1 63 2 
312 2 4 1 2 3 2 38 2 44 2 
313 2 15 5 2 11 1 16 2 17 2 22 2 25 2 26 2 31 2 34 2 42 2 45 2 75 2 83 2 88 2 109 2 
314 2 6 1 2 3 2 10 2 13 2 21 2 46 2 
315 2 4 5 2 23 2 80 2 85 2 
316 2 3 10 2 13 2 37 2 
317 2 6 1 2 3 2 10 2 13 2 21 2 46 2 
318 2 3 10 2 13 2 37 2 
319 2 2 61 2 82 2 
320 2 4 1 2 3 2 38 2 44 2 
321 2 1 36 2 
322 2 2 1 2 21 2 
323 2 1 27 2 
324 2 15 5 2 11 1 16 2 17 2 22 2 25 2 26 2 31 2 34 2 42 2 45 2 75 2 83 2 88 2 109 2 
325 2 3 10 2 13 2 37 2 
326 2 2 1 2 21 2 
327 2 1 71 2 
328 2 4 29 2 43 2 72 2 94 2 
329 2 6 1 2 3 2 10 2 13 2 21 2 46 2 
330 3 1 103 2 
331 2 1 65 2 
4579
0 4
0 15
0 35
0 37
0 52
0 73
0 74
0 78
0 81
0 99
0 103
0 112
0 113
0 114
0 116
0 118
0 141
0 159
0 160
0 178
0 180
0 214
0 235
0 242
0 247
0 259
0 265
0 281
0 294
0 314
1 12
1 17
1 42
1 54
1 56
1 66
1 71
1 89
1 94
1 101
1 110
1 133
1 156
1 165
1 172
1 207
1 232
1 257
1 263
1 266
1 290
1 296
1 313
1 318
1 322
1 323
1 327
2 12
2 18
2 32
2 42
2 56
2 66
2 89
2 101
2 102
2 133
2 156
2 165
2 172
2 176
2 192
2 218
2 255
2 256
2 263
2 277
2 290
2 296
2 313
2 318
2 322
3 6
3 26
3 36
3 80
3 88
3 91
3 93
3 95
3 96
3 107
3 122
3 123
3 127
3 130
3 136
3 150
3 153
3 157
3 158
3 170
3 181
3 183
3 193
3 194
3 199
3 205
3 209
3 210
3 213
3 215
3 260
3 262
3 264
3 268
3 269
3 282
3 283
3 286
3 293
3 295
3 297
3 298
3 302
3 303
3 305
3 306
3 307
3 325
3 328
4 15
4 35
4 37
4 52
4 73
4 74
4 78
4 81
4 99
4 103
4 112
4 113
4 114
4 116
4 118
4 141
4 159
4 160
4 178
4 180
4 214
4 235
4 242
4 247
4 259
4 265
4 281
4 294
4 314
5 17
5 20
5 33
5 51
5 85
5 108
5 126
5 149
5 166
5 182
5 183
5 188
5 217
5 222
5 236
5 243
5 258
5 276
5 289
5 299
5 316
5 324
5 326
6 36
6 47
6 58
6 88
6 93
6 97
6 120
6 127
6 128
6 129
6 130
6 136
6 158
6 164
6 170
6 181
6 184
6 205
6 209
6 210
6 213
6 221
6 262
6 269
6 271
6 282
6 293
6 295
6 302
6 306
6 325
6 328
7 117
8 16
8 19
8 39
8 40
8 45
8 48
8 60
8 70
8 111
8 124
8 132
8 134
8 146
8 151
8 168
8 169
8 171
8 175
8 200
8 231
8 239
8 249
8 252
8 278
8 291
8 292
8 330
9 23
9 25
9 27
9 39
9 44
9 53
9 61
9 62
9 63
9 68
9 77
9 79
9 83
9 106
9 115
9 124
9 125
9 142
9 155
9 173
9 177
9 190
9 195
9 196
9 197
9 223
9 226
9 234
9 238
9 241
9 244
9 245
9 288
9 320
10 13
10 16
10 19
10 21
10 38
10 43
10 48
10 57
10 60
10 64
10 65
10 106
10 109
10 111
10 132
10 146
10 162
10 168
10 169
10 171
10 175
10 200
10 231
10 239
10 249
10 274
10 285
10 330
11 14
11 18
11 33
11 41
11 85
11 92
11 108
11 149
11 179
11 182
11 206
11 216
11 217
11 243
11 248
11 267
11 268
12 17
12 18
12 32
12 42
12 54
12 56
12 66
12 71
12 89
12 94
12 101
12 102
12 110
12 133
12 156
12 165
12 172
12 192
12 207
12 218
12 232
12 255
12 256
12 257
12 263
12 266
12 277
12 290
12 296
12 313
12 318
12 322
12 323
12 327
13 16
13 19
13 21
13 38
13 43
13 48
13 57
13 60
13 64
13 65
13 106
13 109
13 111
13 132
13 146
13 162
13 168
13 169
13 171
13 175
13 200
13 231
13 239
13 249
13 274
13 285
13 330
14 18
14 20
14 33
14 41
14 51
14 59
14 85
14 92
14 108
14 126
14 149
14 166
14 179
14 182
14 188
14 206
14 216
14 217
14 236
14 243
14 248
14 258
14 267
14 268
14 289
14 299
14 316
14 324
14 326
15 35
15 37
15 52
15 73
15 74
15 78
15 81
15 99
15 103
15 112
15 113
15 114
15 116
15 118
15 121
15 141
15 159
15 160
15 178
15 180
15 214
15 235
15 242
15 247
15 259
15 265
15 281
15 294
15 314
16 19
16 21
16 38
16 39
16 40
16 43
16 45
16 48
16 57
16 60
16 65
16 70
16 109
16 111
16 124
16 132
16 134
16 146
16 151
16 162
16 168
16 169
16 171
16 175
16 200
16 231
16 239
16 249
16 252
16 274
16 278
16 285
16 291
16 292
16 330
17 20
17 33
17 42
17 51
17 54
17 56
17 66
17 71
17 85
17 89
17 94
17 101
17 108
17 110
17 126
17 133
17 149
17 156
17 165
17 166
17 172
17 182
17 183
17 188
17 207
17 217
17 222
17 232
17 236
17 243
17 257
17 258
17 263
17 266
17 276
17 289
17 290
17 296
17 299
17 313
17 316
17 318
17 322
17 323
17 324
17 326
17 327
18 20
18 32
18 33
18 41
18 42
18 51
18 56
18 59
18 66
18 85
18 89
18 92
18 101
18 102
18 108
18 126
18 133
18 149
18 156
18 165
18 166
18 172
18 176
18 179
18 182
18 188
18 192
18 206
18 216
18 217
18 218
18 236
18 243
18 248
18 255
18 256
18 258
18 263
18 267
18 268
18 277
18 289
18 290
18 296
18 299
18 313
18 316
18 318
18 322
18 324
18 326
19 21
19 38
19 39
19 40
19 43
19 45
19 48
19 57
19 60
19 65
19 70
19 109
19 111
19 124
19 132
19 134
19 146
19 151
19 162
19 168
19 169
19 171
19 175
19 200
19 231
19 239
19 249
19 252
19 274
19 278
19 285
19 291
19 292
19 330
20 33
20 51
20 85
20 92
20 108
20 126
20 149
20 166
20 179
20 182
20 183
20 188
20 206
20 216
20 217
20 222
20 236
20 243
20 258
20 267
20 276
20 289
20 299
20 316
20 324
20 326
21 38
21 43
21 48
21 57
21 60
21 64
21 65
21 106
21 109
21 111
21 132
21 146
21 162
21 168
21 169
21 171
21 175
21 200
21 231
21 239
21 249
21 274
21 285
21 330
22 67
22 90
22 100
22 104
22 135
22 138
22 161
22 163
22 185
22 191
22 203
22 204
22 212
22 214
22 224
22 227
22 246
22 251
22 275
22 279
22 310
22 312
23 25
23 27
23 39
23 40
23 44
23 53
23 61
23 62
23 63
23 68
23 77
23 79
23 83
23 106
23 115
23 124
23 125
23 142
23 155
23 173
23 177
23 190
23 195
23 196
23 223
23 226
23 233
23 234
23 238
23 241
23 244
23 245
23 261
23 288
23 320
24 28
24 69
24 75
24 86
24 87
24 143
24 154
24 174
24 189
24 202
24 211
24 220
24 228
24 230
24 280
24 300
24 301
24 304
24 309
24 315
24 319
25 27
25 39
25 40
25 44
25 53
25 61
25 62
25 63
25 68
25 77
25 79
25 83
25 106
25 115
25 125
25 142
25 155
25 173
25 177
25 190
25 195
25 196
25 223
25 226
25 233
25 234
25 238
25 241
25 244
25 245
25 261
25 288
25 320
26 80
26 91
26 95
26 96
26 107
26 122
26 123
26 150
26 153
26 157
26 183
26 193
26 194
26 199
26 215
26 260
26 264
26 268
26 283
26 286
26 297
26 298
26 303
26 305
26 307
27 39
27 40
27 44
27 61
27 68
27 79
27 83
27 124
27 142
27 155
27 190
27 195
27 196
27 197
27 223
27 233
27 234
27 238
27 244
27 261
27 288
27 320
28 69
28 75
28 82
28 84
28 86
28 87
28 94
28 143
28 144
28 148
28 154
28 174
28 189
28 198
28 202
28 211
28 219
28 220
28 228
28 230
28 280
28 300
28 301
28 304
28 309
28 315
28 319
29 55
29 72
29 97
29 98
29 105
29 120
29 122
29 123
29 137
29 153
29 157
29 193
29 194
29 199
29 201
29 260
29 264
29 272
29 283
29 297
29 298
29 303
29 307
29 311
29 331
30 34
30 38
30 46
30 49
30 64
30 67
30 76
30 104
30 121
30 138
30 139
30 140
30 145
30 147
30 161
30 167
30 177
30 185
30 187
30 203
30 204
30 208
30 212
30 224
30 225
30 227
30 240
30 246
30 250
30 251
30 253
30 254
30 273
30 275
30 279
30 284
30 287
30 308
30 310
30 312
30 317
30 321
30 329
31 131
32 42
32 56
32 66
32 89
32 101
32 102
32 133
32 156
32 165
32 172
32 176
32 192
32 218
32 255
32 256
32 263
32 277
32 290
32 296
32 313
32 318
32 322
33 41
33 51
33 59
33 85
33 92
33 108
33 126
33 149
33 166
33 179
33 182
33 188
33 206
33 216
33 217
33 222
33 236
33 243
33 248
33 258
33 267
33 268
33 276
33 289
33 299
33 316
33 324
33 326
34 67
34 104
34 121
34 138
34 140
34 161
34 167
34 185
34 191
34 203
34 204
34 208
34 212
34 224
34 227
34 246
34 251
34 253
34 275
34 279
34 310
34 312
35 37
35 52
35 73
35 74
35 78
35 81
35 99
35 103
35 112
35 113
35 114
35 116
35 118
35 141
35 159
35 160
35 178
35 180
35 214
35 235
35 242
35 247
35 259
35 265
35 281
35 294
35 314
36 88
36 93
36 127
36 130
36 136
36 158
36 170
36 181
36 205
36 209
36 210
36 213
36 262
36 269
36 282
36 293
36 295
36 302
36 306
36 325
36 328
37 52
37 73
37 74
37 78
37 99
37 103
37 112
37 113
37 118
37 178
37 214
37 235
37 242
37 247
37 259
37 281
37 294
37 314
38 43
38 46
38 48
38 49
38 57
38 60
38 64
38 65
38 76
38 106
38 109
38 111
38 132
38 139
38 145
38 146
38 147
38 162
38 168
38 169
38 171
38 175
38 176
38 177
38 187
38 200
38 225
38 231
38 239
38 240
38 249
38 250
38 254
38 273
38 274
38 284
38 285
38 287
38 308
38 317
38 321
38 329
38 330
39 40
39 44
39 45
39 48
39 60
39 61
39 68
39 70
39 79
39 83
39 111
39 132
39 134
39 142
39 146
39 151
39 155
39 168
39 169
39 171
39 175
39 190
39 195
39 196
39 197
39 200
39 223
39 231
39 233
39 234
39 238
39 239
39 244
39 249
39 252
39 261
39 278
39 288
39 291
39 292
39 320
39 330
40 45
40 60
40 61
40 68
40 70
40 79
40 83
40 124
40 134
40 142
40 151
40 155
40 168
40 169
40 171
40 190
40 195
40 196
40 197
40 223
40 233
40 234
40 252
40 261
40 278
40 288
40 291
40 292
40 320
41 59
41 85
41 92
41 108
41 126
41 149
41 179
41 182
41 206
41 216
41 217
41 243
41 248
41 267
41 268
42 56
42 66
42 71
42 89
42 101
42 102
42 133
42 156
42 165
42 172
42 176
42 192
42 207
42 218
42 232
42 255
42 256
42 257
42 263
42 266
42 277
42 290
42 296
42 313
42 318
42 322
43 48
43 57
43 60
43 64
43 65
43 106
43 109
43 111
43 132
43 146
43 162
43 168
43 169
43 171
43 175
43 200
43 231
43 239
43 249
43 274
43 285
43 330
44 53
44 61
44 62
44 63
44 68
44 77
44 79
44 83
44 106
44 115
44 124
44 125
44 142
44 155
44 173
44 177
44 190
44 195
44 196
44 197
44 223
44 226
44 234
44 238
44 241
44 244
44 245
44 288
44 320
45 46
45 48
45 49
45 50
45 60
45 70
45 90
45 111
45 119
45 124
45 132
45 134
45 145
45 146
45 147
45 151
45 152
45 168
45 169
45 171
45 175
45 176
45 186
45 187
45 200
45 225
45 231
45 239
45 240
45 249
45 252
45 254
45 270
45 273
45 278
45 284
45 287
45 291
45 292
45 308
45 317
45 329
45 330
46 49
46 50
46 64
46 76
46 90
46 119
46 139
46 145
46 147
46 152
46 176
46 186
46 187
46 225
46 240
46 254
46 270
46 273
46 284
46 287
46 308
46 317
46 329
47 58
47 88
47 97
47 120
47 127
47 128
47 129
47 164
47 181
47 184
47 209
47 221
47 262
47 271
47 282
47 295
47 306
47 325
47 328
48 57
48 60
48 64
48 65
48 70
48 106
48 109
48 111
48 124
48 132
48 134
48 146
48 162
48 168
48 169
48 171
48 175
48 200
48 231
48 239
48 249
48 274
48 278
48 285
48 330
49 50
49 64
49 76
49 90
49 119
49 139
49 145
49 147
49 152
49 176
49 186
49 187
49 225
49 240
49 254
49 270
49 273
49 284
49 287
49 308
49 317
49 329
50 90
50 119
50 145
50 147
50 152
50 176
50 186
50 187
50 240
50 254
50 270
50 287
50 308
50 317
50 329
51 85
51 92
51 108
51 126
51 149
51 166
51 179
51 182
51 183
51 188
51 206
51 216
51 217
51 222
51 236
51 243
51 258
51 267
51 276
51 289
51 299
51 316
51 324
51 326
52 73
52 74
52 78
52 81
52 99
52 103
52 112
52 113
52 114
52 116
52 118
52 141
52 159
52 160
52 178
52 180
52 214
52 235
52 242
52 247
52 259
52 265
52 281
52 294
52 314
53 62
53 63
53 68
53 77
53 106
53 115
53 125
53 173
53 177
53 195
53 196
53 197
53 226
53 238
53 241
53 244
53 245
53 288
53 320
54 56
54 71
54 94
54 110
54 133
54 165
54 207
54 232
54 257
54 266
54 323
54 327
55 72
55 97
55 98
55 105
55 120
55 122
55 123
55 137
55 153
55 157
55 193
55 194
55 199
55 201
55 260
55 264
55 272
55 283
55 297
55 298
55 303
55 307
55 311
55 331
56 66
56 71
56 89
56 94
56 101
56 102
56 110
56 133
56 156
56 165
56 172
56 192
56 207
56 218
56 232
56 255
56 256
56 257
56 263
56 266
56 277
56 290
56 296
56 313
56 318
56 322
56 323
56 327
57 60
57 64
57 65
57 106
57 109
57 111
57 132
57 146
57 162
57 168
57 169
57 171
57 175
57 200
57 231
57 239
57 249
57 274
57 285
57 330
58 88
58 97
58 120
58 127
58 128
58 129
58 164
58 181
58 184
58 209
58 221
58 262
58 271
58 282
58 295
58 306
58 325
58 328
59 85
59 92
59 126
59 149
59 179
59 182
59 206
59 216
59 217
59 248
59 267
59 268
60 65
60 70
60 109
60 111
60 124
60 132
60 134
60 146
60 151
60 162
60 168
60 169
60 171
60 175
60 200
60 231
60 239
60 249
60 252
60 274
60 278
60 285
60 291
60 292
60 330
61 68
61 79
61 83
61 124
61 142
61 155
61 190
61 195
61 196
61 197
61 223
61 233
61 234
61 238
61 244
61 261
61 288
61 320
62 63
62 68
62 77
62 106
62 115
62 125
62 173
62 177
62 195
62 196
62 197
62 226
62 238
62 241
62 244
62 245
62 288
62 320
63 68
63 77
63 106
63 115
63 125
63 173
63 177
63 195
63 196
63 197
63 226
63 238
63 241
63 244
63 245
63 288
63 320
64 65
64 76
64 106
64 109
64 111
64 132
64 139
64 145
64 146
64 147
64 162
64 168
64 175
64 176
64 177
64 187
64 200
64 225
64 231
64 239
64 240
64 249
64 250
64 254
64 273
64 274
64 284
64 285
64 287
64 308
64 317
64 321
64 329
64 330
65 106
65 109
65 111
65 132
65 146
65 162
65 168
65 169
65 171
65 175
65 200
65 231
65 239
65 249
65 274
65 285
65 330
66 71
66 89
66 101
66 102
66 133
66 156
66 165
66 172
66 176
66 192
66 207
66 218
66 232
66 255
66 256
66 257
66 263
66 266
66 277
66 290
66 296
66 313
66 318
66 322
67 90
67 100
67 104
67 121
67 135
67 138
67 140
67 161
67 163
67 167
67 185
67 191
67 203
67 204
67 208
67 212
67 224
67 227
67 246
67 251
67 253
67 275
67 279
67 310
67 312
68 77
68 79
68 83
68 106
68 115
68 124
68 125
68 142
68 155
68 173
68 177
68 190
68 195
68 196
68 197
68 223
68 226
68 233
68 234
68 238
68 241
68 244
68 245
68 261
68 288
68 320
69 75
69 82
69 84
69 86
69 87
69 94
69 143
69 144
69 148
69 154
69 174
69 189
69 198
69 202
69 211
69 219
69 220
69 228
69 230
69 280
69 300
69 301
69 304
69 309
69 315
69 319
70 111
70 124
70 132
70 134
70 146
70 151
70 168
70 169
70 171
70 175
70 200
70 231
70 239
70 249
70 252
70 278
70 291
70 292
70 330
71 89
71 94
71 101
71 110
71 133
71 156
71 165
71 172
71 207
71 232
71 257
71 263
71 266
71 290
71 296
71 313
71 318
71 322
71 323
71 327
72 97
72 98
72 105
72 120
72 122
72 123
72 137
72 153
72 157
72 193
72 194
72 199
72 201
72 260
72 264
72 272
72 283
72 297
72 298
72 303
72 307
72 311
72 331
73 74
73 78
73 81
73 99
73 103
73 112
73 113
73 114
73 116
73 118
73 141
73 159
73 160
73 178
73 180
73 214
73 235
73 242
73 247
73 259
73 265
73 281
73 294
73 314
74 78
74 81
74 99
74 112
74 113
74 114
74 116
74 118
74 141
74 159
74 160
74 178
74 180
74 214
74 235
74 242
74 247
74 259
74 265
74 281
74 294
74 314
75 82
75 84
75 86
75 87
75 94
75 143
75 144
75 148
75 154
75 174
75 189
75 198
75 202
75 211
75 219
75 220
75 228
75 230
75 280
75 300
75 301
75 304
75 309
75 315
75 319
76 139
76 145
76 147
76 176
76 177
76 187
76 225
76 240
76 250
76 254
76 273
76 284
76 287
76 308
76 317
76 321
76 329
77 106
77 115
77 125
77 173
77 177
77 195
77 196
77 197
77 226
77 238
77 241
77 244
77 245
77 288
77 320
78 99
78 103
78 112
78 113
78 118
78 141
78 159
78 178
78 180
78 214
78 235
78 242
78 247
78 259
78 281
78 294
78 314
79 83
79 124
79 142
79 155
79 190
79 195
79 196
79 197
79 223
79 233
79 234
79 238
79 244
79 261
79 288
79 320
80 91
80 95
80 96
80 107
80 122
80 123
80 150
80 153
80 157
80 183
80 193
80 194
80 199
80 215
80 260
80 264
80 268
80 283
80 286
80 297
80 298
80 303
80 305
80 307
81 99
81 103
81 114
81 116
81 118
81 121
81 141
81 159
81 160
81 178
81 180
81 242
81 247
81 259
81 265
81 281
81 294
81 314
82 84
82 86
82 87
82 94
82 110
82 144
82 148
82 154
82 189
82 198
82 211
82 219
82 228
82 229
82 230
82 237
82 280
82 301
82 304
82 309
82 315
83 124
83 142
83 155
83 190
83 195
83 196
83 197
83 223
83 233
83 234
83 238
83 244
83 261
83 288
83 320
84 86
84 87
84 94
84 110
84 144
84 148
84 154
84 189
84 198
84 211
84 219
84 228
84 229
84 230
84 237
84 280
84 301
84 304
84 309
84 315
85 92
85 108
85 126
85 149
85 166
85 179
85 182
85 188
85 206
85 216
85 217
85 222
85 236
85 243
85 248
85 258
85 267
85 268
85 276
85 289
85 299
85 316
85 324
85 326
86 87
86 94
86 110
86 144
86 148
86 154
86 174
86 189
86 198
86 202
86 211
86 219
86 220
86 228
86 229
86 230
86 237
86 280
86 301
86 304
86 309
86 315
87 94
87 110
87 143
87 144
87 148
87 154
87 174
87 189
87 198
87 202
87 211
87 219
87 220
87 228
87 229
87 230
87 237
87 280
87 300
87 301
87 304
87 309
87 315
87 319
88 93
88 97
88 120
88 127
88 128
88 129
88 130
88 136
88 158
88 164
88 170
88 181
88 184
88 205
88 209
88 210
88 213
88 221
88 262
88 269
88 271
88 282
88 293
88 295
88 302
88 306
88 325
88 328
89 101
89 102
89 133
89 156
89 165
89 172
89 176
89 192
89 207
89 218
89 232
89 255
89 256
89 257
89 263
89 266
89 277
89 290
89 296
89 313
89 318
89 322
90 100
90 104
90 119
90 135
90 138
90 145
90 147
90 152
90 161
90 163
90 185
90 186
90 187
90 203
90 204
90 212
90 214
90 224
90 225
90 227
90 240
90 246
90 251
90 254
90 273
90 275
90 279
90 284
90 287
90 308
90 310
90 312
90 317
90 329
91 95
91 96
91 107
91 122
91 123
91 150
91 153
91 157
91 183
91 193
91 194
91 199
91 215
91 260
91 264
91 268
91 283
91 286
91 297
91 298
91 303
91 305
91 307
92 108
92 126
92 149
92 166
92 179
92 182
92 188
92 206
92 216
92 217
92 236
92 243
92 248
92 258
92 267
92 268
92 289
92 299
92 316
92 324
92 326
93 127
93 130
93 136
93 158
93 170
93 181
93 205
93 209
93 210
93 213
93 262
93 269
93 282
93 293
93 295
93 302
93 306
93 325
93 328
94 110
94 133
94 144
94 148
94 154
94 165
94 189
94 198
94 207
94 211
94 219
94 228
94 229
94 230
94 232
94 237
94 257
94 266
94 280
94 301
94 304
94 309
94 315
94 323
94 327
95 96
95 107
95 122
95 123
95 150
95 153
95 157
95 183
95 193
95 194
95 199
95 215
95 260
95 264
95 268
95 283
95 286
95 297
95 298
95 303
95 305
95 307
96 107
96 122
96 123
96 150
96 153
96 157
96 183
96 193
96 194
96 199
96 215
96 260
96 264
96 268
96 283
96 286
96 297
96 298
96 303
96 305
96 307
97 98
97 105
97 120
97 122
97 123
97 127
97 128
97 129
97 137
97 153
97 157
97 164
97 181
97 184
97 193
97 194
97 199
97 201
97 209
97 221
97 260
97 262
97 264
97 271
97 272
97 282
97 283
97 295
97 297
97 298
97 303
97 306
97 307
97 311
97 325
97 328
97 331
98 105
98 120
98 122
98 123
98 137
98 153
98 157
98 193
98 194
98 199
98 201
98 260
98 264
98 272
98 283
98 297
98 298
98 303
98 307
98 311
98 331
99 103
99 112
99 113
99 114
99 116
99 118
99 141
99 159
99 160
99 178
99 180
99 214
99 235
99 242
99 247
99 259
99 265
99 281
99 294
99 314
100 104
100 135
100 138
100 161
100 163
100 185
100 191
100 203
100 204
100 212
100 214
100 224
100 227
100 246
100 251
100 275
100 279
100 310
100 312
101 102
101 133
101 156
101 165
101 172
101 176
101 192
101 207
101 218
101 232
101 255
101 256
101 257
101 263
101 266
101 277
101 290
101 296
101 313
101 318
101 322
102 133
102 156
102 165
102 172
102 176
102 192
102 218
102 255
102 256
102 263
102 277
102 290
102 296
102 313
102 318
102 322
103 112
103 113
103 114
103 116
103 118
103 141
103 159
103 160
103 178
103 180
103 214
103 235
103 242
103 247
103 259
103 265
103 281
103 294
103 314
104 121
104 135
104 138
104 140
104 161
104 163
104 167
104 185
104 203
104 204
104 208
104 212
104 214
104 224
104 227
104 246
104 251
104 253
104 275
104 279
104 310
104 312
105 120
105 122
105 123
105 137
105 153
105 157
105 193
105 194
105 199
105 201
105 260
105 264
105 272
105 283
105 297
105 298
105 303
105 307
105 311
105 331
106 109
106 111
106 115
106 125
106 132
106 146
106 162
106 168
106 173
106 175
106 177
106 195
106 196
106 197
106 200
106 226
106 231
106 238
106 239
106 241
106 244
106 245
106 249
106 274
106 285
106 288
106 320
106 330
107 122
107 123
107 150
107 153
107 157
107 183
107 193
107 194
107 199
107 215
107 260
107 264
107 268
107 283
107 286
107 297
107 298
107 303
107 305
107 307
108 149
108 166
108 179
108 182
108 183
108 188
108 216
108 217
108 222
108 236
108 243
108 248
108 258
108 267
108 268
108 276
108 289
108 299
108 316
108 324
108 326
109 111
109 132
109 146
109 162
109 168
109 169
109 171
109 175
109 200
109 231
109 239
109 249
109 274
109 285
109 330
110 133
110 144
110 148
110 165
110 198
110 207
110 219
110 228
110 229
110 232
110 237
110 257
110 266
110 301
110 304
110 309
110 315
110 323
110 327
111 124
111 132
111 134
111 146
111 162
111 168
111 169
111 171
111 175
111 200
111 231
111 239
111 249
111 274
111 278
111 285
111 330
112 113
112 118
112 141
112 159
112 178
112 180
112 214
112 235
112 242
112 247
112 259
112 281
112 294
112 314
113 118
113 141
113 159
113 178
113 180
113 214
113 235
113 242
113 247
113 259
113 281
113 294
113 314
114 116
114 118
114 121
114 141
114 159
114 160
114 178
114 180
114 242
114 247
114 259
114 265
114 281
114 294
114 314
115 125
115 173
115 177
115 195
115 196
115 197
115 226
115 238
115 241
115 244
115 245
115 288
115 320
116 118
116 121
116 141
116 159
116 160
116 178
116 180
116 242
116 247
116 259
116 265
116 281
116 294
116 314
118 141
118 159
118 160
118 178
118 180
118 214
118 235
118 242
118 247
118 259
118 265
118 281
118 294
118 314
119 145
119 147
119 152
119 176
119 186
119 187
119 225
119 240
119 254
119 270
119 273
119 284
119 287
119 308
119 317
119 329
120 123
120 127
120 128
120 129
120 137
120 153
120 157
120 164
120 181
120 184
120 193
120 194
120 201
120 209
120 221
120 262
120 271
120 272
120 282
120 295
120 306
120 311
120 325
120 328
120 331
121 138
121 140
121 141
121 159
121 160
121 167
121 180
121 185
121 203
121 204
121 208
121 224
121 246
121 251
121 253
121 265
121 275
121 310
121 312
122 123
122 137
122 150
122 153
122 157
122 183
122 193
122 194
122 199
122 201
122 215
122 260
122 264
122 268
122 272
122 283
122 286
122 297
122 298
122 303
122 305
122 307
123 137
123 150
123 153
123 157
123 183
123 193
123 194
123 199
123 201
123 215
123 260
123 264
123 268
123 272
123 283
123 286
123 297
123 298
123 303
123 305
123 307
123 311
123 331
124 132
124 134
124 142
124 146
124 151
124 155
124 168
124 169
124 171
124 175
124 190
124 195
124 196
124 197
124 200
124 223
124 231
124 233
124 234
124 238
124 239
124 244
124 249
124 252
124 261
124 278
124 288
124 291
124 292
124 320
124 330
125 173
125 177
125 195
125 196
125 197
125 226
125 238
125 241
125 244
125 245
125 288
125 320
126 149
126 166
126 179
126 182
126 188
126 206
126 216
126 217
126 222
126 236
126 248
126 258
126 267
126 268
126 276
126 289
126 299
126 316
126 324
126 326
127 128
127 129
127 130
127 136
127 158
127 164
127 170
127 181
127 184
127 205
127 209
127 210
127 213
127 221
127 262
127 269
127 271
127 282
127 293
127 295
127 302
127 306
127 325
127 328
128 129
128 164
128 181
128 184
128 209
128 221
128 262
128 271
128 282
128 295
128 306
128 325
128 328
129 164
129 181
129 184
129 209
129 221
129 262
129 271
129 282
129 295
129 306
129 325
129 328
130 136
130 158
130 170
130 181
130 205
130 209
130 210
130 213
130 262
130 269
130 282
130 293
130 295
130 302
130 306
130 325
130 328
132 134
132 146
132 162
132 168
132 169
132 171
132 175
132 200
132 231
132 239
132 249
132 274
132 278
132 285
132 330
133 156
133 165
133 172
133 192
133 207
133 218
133 232
133 255
133 256
133 257
133 263
133 266
133 277
133 290
133 296
133 313
133 318
133 322
133 323
133 327
134 146
134 151
134 168
134 169
134 171
134 175
134 200
134 231
134 239
134 249
134 252
134 278
134 291
134 292
134 330
135 138
135 161
135 163
135 185
135 191
135 203
135 204
135 212
135 214
135 224
135 227
135 246
135 251
135 275
135 279
135 310
135 312
136 158
136 170
136 181
136 205
136 209
136 210
136 213
136 262
136 269
136 282
136 293
136 295
136 302
136 306
136 325
136 328
137 153
137 157
137 193
137 194
137 199
137 201
137 260
137 264
137 272
137 283
137 297
137 298
137 303
137 307
137 311
137 331
138 140
138 161
138 163
138 167
138 185
138 191
138 203
138 204
138 208
138 212
138 224
138 227
138 246
138 251
138 253
138 275
138 279
138 310
138 312
139 145
139 147
139 176
139 177
139 187
139 225
139 240
139 250
139 254
139 273
139 284
139 287
139 308
139 317
139 321
139 329
140 161
140 167
140 185
140 191
140 203
140 204
140 208
140 212
140 224
140 227
140 246
140 251
140 253
140 275
140 279
140 310
140 312
141 159
141 160
141 178
141 180
141 235
141 242
141 247
141 259
141 265
141 281
141 294
141 314
142 155
142 190
142 195
142 196
142 197
142 223
142 233
142 234
142 238
142 244
142 261
142 288
142 320
143 154
143 174
143 189
143 202
143 211
143 220
143 280
143 300
143 319
144 148
144 154
144 189
144 198
144 211
144 219
144 228
144 229
144 230
144 237
144 280
144 301
144 304
144 309
144 315
145 147
145 152
145 176
145 186
145 187
145 225
145 240
145 254
145 270
145 273
145 284
145 287
145 308
145 317
145 329
146 162
146 168
146 169
146 171
146 175
146 200
146 231
146 239
146 249
146 274
146 278
146 285
146 330
147 152
147 176
147 186
147 187
147 225
147 240
147 254
147 270
147 273
147 284
147 287
147 308
147 317
147 329
148 154
148 189
148 198
148 211
148 219
148 228
148 229
148 230
148 237
148 280
148 301
148 304
148 309
148 315
149 166
149 179
149 182
149 188
149 206
149 216
149 217
149 222
149 236
149 243
149 248
149 258
149 267
149 268
149 276
149 289
149 299
149 316
149 324
149 326
150 153
150 157
150 183
150 193
150 194
150 199
150 215
150 260
150 264
150 268
150 283
150 286
150 297
150 298
150 303
150 305
150 307
151 168
151 169
151 171
151 252
151 278
151 291
151 292
152 176
152 186
152 187
152 225
152 240
152 254
152 270
152 273
152 284
152 287
152 308
152 317
152 329
153 157
153 183
153 193
153 194
153 199
153 201
153 215
153 260
153 264
153 268
153 272
153 283
153 286
153 297
153 298
153 303
153 305
153 307
153 311
153 331
154 174
154 189
154 198
154 202
154 211
154 219
154 220
154 228
154 230
154 280
154 300
154 301
154 304
154 309
154 315
154 319
155 190
155 195
155 196
155 197
155 223
155 233
155 234
155 238
155 244
155 261
155 288
155 320
156 165
156 172
156 176
156 192
156 207
156 218
156 232
156 255
156 256
156 257
156 263
156 266
156 277
156 290
156 296
156 313
156 318
156 322
157 193
157 194
157 199
157 201
157 260
157 264
157 272
157 283
157 297
157 298
157 303
157 307
157 311
157 331
158 170
158 181
158 205
158 209
158 210
158 213
158 262
158 269
158 282
158 293
158 295
158 302
158 306
158 325
158 328
159 160
159 178
159 180
159 235
159 242
159 247
159 259
159 265
159 281
159 294
159 314
160 178
160 180
160 242
160 247
160 259
160 265
160 281
160 294
160 314
161 163
161 167
161 185
161 191
161 203
161 204
161 208
161 212
161 214
161 224
161 227
161 246
161 251
161 275
161 279
161 310
161 312
162 168
162 169
162 171
162 175
162 200
162 231
162 239
162 249
162 274
162 285
162 330
163 185
163 191
163 203
163 204
163 212
163 214
163 224
163 227
163 246
163 251
163 275
163 279
163 310
163 312
164 181
164 184
164 209
164 221
164 262
164 271
164 282
164 295
164 306
164 325
164 328
165 172
165 192
165 207
165 218
165 232
165 255
165 256
165 257
165 263
165 266
165 277
165 290
165 296
165 313
165 318
165 322
165 323
165 327
166 179
166 182
166 183
166 206
166 216
166 217
166 222
166 236
166 243
166 258
166 267
166 276
166 289
166 299
166 316
166 324
166 326
167 185
167 191
167 203
167 204
167 208
167 212
167 224
167 227
167 246
167 251
167 253
167 275
167 279
167 310
167 312
168 169
168 171
168 175
168 200
168 231
168 239
168 249
168 252
168 274
168 278
168 285
168 291
168 292
168 330
169 171
169 175
169 200
169 231
169 239
169 249
169 252
169 274
169 278
169 285
169 291
169 292
169 330
170 181
170 205
170 209
170 210
170 213
170 262
170 269
170 282
170 293
170 295
170 302
170 306
170 325
170 328
171 175
171 200
171 231
171 239
171 249
171 252
171 274
171 278
171 285
171 291
171 292
171 330
172 176
172 192
172 207
172 218
172 232
172 255
172 256
172 257
172 263
172 266
172 277
172 290
172 296
172 313
172 318
172 322
173 177
173 195
173 196
173 197
173 226
173 238
173 241
173 244
173 245
173 288
173 320
174 189
174 202
174 211
174 220
174 228
174 230
174 280
174 300
174 301
174 304
174 309
174 315
174 319
175 200
175 231
175 239
175 249
175 274
175 278
175 285
175 330
176 177
176 186
176 187
176 192
176 218
176 225
176 240
176 250
176 254
176 255
176 256
176 263
176 270
176 273
176 277
176 284
176 287
176 290
176 296
176 308
176 313
176 317
176 318
176 321
176 322
176 329
177 195
177 197
177 225
177 226
177 241
177 245
177 250
177 273
177 321
178 180
178 214
178 235
178 242
178 247
178 259
178 265
178 281
178 294
178 314
179 182
179 188
179 206
179 216
179 217
179 236
179 243
179 248
179 258
179 267
179 268
179 289
179 299
179 316
179 324
179 326
180 235
180 242
180 247
180 259
180 265
180 281
180 294
180 314
181 184
181 205
181 209
181 210
181 221
181 262
181 269
181 271
181 282
181 295
181 306
181 325
181 328
182 188
182 206
182 216
182 217
182 222
182 236
182 243
182 248
182 258
182 267
182 268
182 276
182 289
182 299
182 316
182 324
182 326
183 188
183 215
183 222
183 236
183 258
183 260
183 264
183 268
183 276
183 286
183 289
183 297
183 298
183 299
183 303
183 305
183 316
183 324
183 326
184 209
184 221
184 262
184 271
184 282
184 295
184 306
184 325
184 328
185 191
185 203
185 204
185 208
185 212
185 224
185 227
185 246
185 251
185 253
185 275
185 279
185 310
185 312
186 187
186 225
186 240
186 254
186 270
186 273
186 284
186 287
186 308
186 317
186 329
187 225
187 240
187 254
187 270
187 273
187 284
187 287
187 308
187 317
187 329
188 216
188 217
188 222
188 236
188 243
188 258
188 267
188 276
188 289
188 299
188 316
188 324
188 326
189 198
189 202
189 211
189 219
189 220
189 228
189 230
189 280
189 300
189 301
189 304
189 309
189 315
189 319
190 195
190 196
190 197
190 223
190 233
190 234
190 238
190 244
190 261
190 288
190 320
191 208
191 212
191 214
191 224
191 227
191 246
191 251
191 279
191 310
191 312
192 218
192 255
192 256
192 263
192 277
192 290
192 296
192 313
192 318
192 322
193 194
193 199
193 201
193 260
193 264
193 272
193 283
193 297
193 298
193 303
193 307
193 311
193 331
194 199
194 201
194 260
194 264
194 272
194 283
194 297
194 298
194 303
194 307
194 311
194 331
195 196
195 223
195 226
195 233
195 234
195 238
195 241
195 244
195 245
195 261
195 288
195 320
196 197
196 223
196 226
196 233
196 234
196 238
196 244
196 261
196 288
196 320
197 223
197 226
197 233
197 234
197 238
197 241
197 244
197 245
197 261
197 288
197 320
198 211
198 219
198 228
198 229
198 230
198 237
198 280
198 301
198 304
198 309
198 315
199 201
199 260
199 264
199 272
199 283
199 297
199 298
199 303
199 307
200 231
200 239
200 249
200 274
200 278
200 285
200 330
201 260
201 264
201 272
201 283
201 297
201 298
201 303
201 307
201 311
201 331
202 211
202 220
202 228
202 230
202 280
202 300
202 301
202 304
202 309
202 315
202 319
203 204
203 208
203 212
203 214
203 224
203 227
203 246
203 251
203 253
203 275
203 279
203 310
203 312
204 208
204 212
204 214
204 224
204 227
204 246
204 251
204 253
204 275
204 279
204 310
204 312
205 209
205 210
205 213
205 262
205 269
205 282
205 293
205 295
205 302
205 306
205 325
205 328
206 217
206 236
206 243
206 248
206 258
206 267
206 268
206 289
206 299
206 316
206 324
206 326
207 232
207 257
207 263
207 266
207 290
207 296
207 313
207 318
207 322
207 323
207 327
208 212
208 224
208 227
208 246
208 251
208 253
208 275
208 279
208 310
208 312
209 210
209 221
209 262
209 269
209 271
209 282
209 295
209 306
209 325
209 328
210 213
210 262
210 269
210 282
210 293
210 295
210 302
210 306
210 325
210 328
211 219
211 220
211 228
211 230
211 280
211 300
211 301
211 304
211 309
211 315
211 319
212 214
212 224
212 227
212 246
212 251
212 275
212 279
212 310
212 312
213 262
213 269
213 293
213 302
214 227
214 235
214 242
214 247
214 259
214 275
214 279
214 281
214 294
214 314
215 260
215 264
215 268
215 286
215 297
215 298
215 303
215 305
216 217
216 236
216 243
216 248
216 258
216 267
216 268
216 289
216 299
216 316
216 324
216 326
217 222
217 236
217 243
217 248
217 258
217 267
217 268
217 276
217 289
217 299
217 316
217 324
217 326
218 255
218 256
218 263
218 277
218 290
218 296
218 313
218 318
218 322
219 228
219 229
219 230
219 237
219 280
219 301
219 304
219 309
219 315
220 228
220 230
220 280
220 300
220 301
220 304
220 309
220 315
220 319
221 262
221 271
221 282
221 295
221 306
221 325
221 328
222 236
222 243
222 258
222 276
222 289
222 299
222 316
222 324
222 326
223 233
223 234
223 238
223 244
223 261
223 288
223 320
224 227
224 246
224 251
224 253
224 275
224 279
224 310
224 312
225 240
225 250
225 254
225 273
225 284
225 287
225 308
225 317
225 321
225 329
226 238
226 241
226 244
226 245
226 288
226 320
227 246
227 251
227 275
227 279
227 310
227 312
228 229
228 230
228 237
228 280
228 301
228 304
228 309
228 315
229 237
229 301
229 304
229 309
229 315
230 280
230 301
230 304
230 309
230 315
231 239
231 249
231 274
231 278
231 285
231 330
232 257
232 263
232 266
232 290
232 296
232 313
232 318
232 322
232 323
232 327
233 234
233 261
233 288
233 320
234 238
234 244
234 261
234 288
234 320
235 242
235 247
235 259
235 281
235 294
235 314
236 243
236 258
236 267
236 276
236 289
236 299
236 316
236 324
236 326
237 301
237 304
237 309
237 315
238 244
238 288
238 320
239 249
239 274
239 278
239 285
239 330
240 254
240 270
240 273
240 284
240 287
240 308
240 317
240 329
241 245
242 247
242 259
242 265
242 281
242 294
242 314
243 248
243 258
243 267
243 268
243 276
243 289
243 299
243 316
243 324
243 326
244 288
244 320
246 251
246 253
246 275
246 279
246 310
246 312
247 259
247 265
247 281
247 294
247 314
248 267
248 268
249 274
249 278
249 285
249 330
250 273
250 321
251 253
251 275
251 279
251 310
251 312
252 278
252 291
252 292
253 275
253 310
253 312
254 270
254 273
254 284
254 287
254 308
254 317
254 329
255 256
255 263
255 277
255 290
255 296
255 313
255 318
255 322
256 263
256 277
256 290
256 296
256 313
256 318
256 322
257 263
257 266
257 290
257 296
257 313
257 318
257 322
257 323
257 327
258 267
258 276
258 289
258 299
258 316
258 324
258 326
259 265
259 281
259 294
259 314
260 264
260 268
260 272
260 283
260 286
260 297
260 298
260 303
260 305
260 307
261 288
261 320
262 269
262 271
262 282
262 293
262 295
262 302
262 306
262 325
262 328
263 266
263 277
263 290
263 296
263 313
263 318
263 322
264 268
264 272
264 283
264 286
264 297
264 298
264 303
264 305
264 307
265 281
265 294
265 314
266 290
266 296
266 313
266 318
266 322
266 323
266 327
267 268
267 289
267 299
267 316
267 324
267 326
268 286
268 297
268 298
268 303
268 305
269 282
269 293
269 295
269 302
269 306
269 325
269 328
270 287
270 308
270 317
270 329
271 282
271 295
271 306
271 325
271 328
272 283
272 297
272 298
272 303
272 307
272 311
272 331
273 284
273 287
273 308
273 317
273 321
273 329
274 285
274 330
275 279
275 310
275 312
276 289
276 299
276 316
276 324
276 326
277 290
277 296
277 313
277 318
277 322
278 291
278 292
278 330
279 310
279 312
280 300
280 301
280 304
280 309
280 315
280 319
281 294
281 314
282 295
282 306
282 325
282 328
283 297
283 298
283 303
283 307
284 287
284 308
284 317
284 329
285 330
286 297
286 298
286 303
286 305
287 308
287 317
287 329
288 320
289 299
289 316
289 324
289 326
290 296
290 313
290 318
290 322
291 292
293 302
294 314
295 306
295 325
295 328
296 313
296 318
296 322
297 298
297 303
297 305
297 307
298 303
298 305
298 307
299 316
299 324
299 326
300 319
301 304
301 309
301 315
303 305
303 307
304 309
304 315
306 325
306 328
308 317
308 329
309 315
310 312
311 331
313 318
313 322
316 324
316 326
317 329
318 322
323 327
324 326
325 328
