57 72
0 3 2 29 2 68 2 
1 4 23 0 1 2 1 5 1 6 1 8 2 9 1 10 1 16 1 21 1 29 2 32 1 36 1 38 1 40 2 45 1 47 2 48 2 49 2 50 2 51 2 52 2 57 2 58 2 
2 3 2 14 2 36 2 
3 4 23 0 1 2 1 5 1 6 1 8 2 9 1 10 1 16 1 21 1 29 2 32 1 36 1 38 1 40 2 45 1 47 2 48 2 49 2 50 2 51 2 52 2 57 2 58 2 
4 2 18 3 1 9 1 12 1 19 2 20 1 29 1 36 2 38 1 45 1 48 2 49 2 50 2 51 2 52 2 54 2 55 2 56 2 58 2 
5 2 1 66 2 
6 3 6 9 2 14 2 18 2 36 2 62 2 68 2 
7 3 2 29 2 68 2 
8 4 23 0 1 2 1 5 1 6 1 8 2 9 1 10 1 16 1 21 1 29 2 32 1 36 1 38 1 40 2 45 1 47 2 48 2 49 2 50 2 51 2 52 2 57 2 58 2 
9 2 5 19 2 46 2 65 2 68 2 69 2 
10 2 9 10 2 13 2 14 2 18 2 50 2 51 2 54 2 57 2 58 2 
11 2 18 3 1 9 1 12 1 19 2 20 1 29 1 36 2 38 1 45 1 48 2 49 2 50 2 51 2 52 2 54 2 55 2 56 2 58 2 
12 4 23 0 1 2 1 5 1 6 1 8 2 9 1 10 1 16 1 21 1 29 2 32 1 36 1 38 1 40 2 45 1 47 2 48 2 49 2 50 2 51 2 52 2 57 2 58 2 
13 3 2 29 2 68 2 
14 2 1 23 2 
15 3 1 23 2 
16 3 1 19 2 
17 3 42 0 1 1 1 2 1 4 1 5 1 8 1 9 1 11 1 17 1 18 2 19 1 25 1 26 1 27 1 28 1 29 1 32 1 33 1 35 1 36 1 37 1 39 1 40 1 41 1 42 1 45 1 46 2 47 2 48 2 49 2 50 2 51 2 52 2 53 2 54 2 55 2 56 2 57 2 58 2 59 2 60 2 61 2 
18 4 49 0 1 1 1 2 1 3 1 4 1 5 1 6 1 7 1 8 1 9 1 10 1 13 1 14 1 15 1 16 1 17 1 18 1 19 1 20 1 21 1 22 1 23 1 25 1 27 1 29 2 30 1 31 1 33 2 34 1 36 1 38 1 40 1 42 1 43 1 44 1 45 1 46 2 47 2 48 2 49 2 50 2 51 2 52 2 54 2 55 2 56 2 57 2 58 2 70 2 
19 2 3 10 2 14 2 36 2 
20 3 42 0 1 1 1 2 1 4 1 5 1 8 1 9 1 11 1 17 1 18 2 19 1 25 1 26 1 27 1 28 1 29 1 32 1 33 1 35 1 36 1 37 1 39 1 40 1 41 1 42 1 45 1 46 2 47 2 48 2 49 2 50 2 51 2 52 2 53 2 54 2 55 2 56 2 57 2 58 2 59 2 60 2 61 2 
21 2 1 66 2 
22 3 1 23 2 
23 2 1 57 2 
24 3 2 14 2 36 2 
25 3 2 14 2 36 2 
26 2 1 57 2 
27 4 7 0 1 6 2 12 2 14 2 21 1 34 2 45 1 
28 4 7 0 1 6 2 12 2 14 2 21 1 34 2 45 1 
29 3 3 19 2 26 2 36 2 
30 3 2 9 2 29 2 
31 3 2 9 2 12 2 
32 2 2 18 2 69 2 
33 2 1 66 2 
34 3 6 9 2 14 2 18 2 36 2 62 2 68 2 
35 2 1 14 2 
36 2 2 19 2 36 2 
37 3 1 62 2 
38 2 1 66 2 
39 2 6 12 2 18 2 19 2 29 2 36 2 57 2 
40 2 6 12 2 18 2 19 2 29 2 36 2 57 2 
41 2 6 12 2 18 2 19 2 29 2 36 2 57 2 
42 3 1 26 2 
43 2 5 19 2 46 2 65 2 68 2 69 2 
44 3 2 23 2 66 2 
45 2 4 24 2 26 1 30 1 45 1 
46 2 1 66 2 
47 2 15 5 2 10 1 15 2 16 2 21 2 24 2 25 2 30 2 33 2 41 2 44 2 63 2 64 2 67 2 71 2 
48 2 1 14 2 
49 2 4 24 2 26 1 30 1 45 1 
50 2 3 9 2 12 2 36 2 
51 2 6 1 2 3 2 9 2 12 2 20 2 45 2 
52 2 3 9 2 12 2 36 2 
53 2 3 9 2 12 2 36 2 
54 2 1 26 2 
55 2 3 9 2 12 2 36 2 
56 2 6 1 2 3 2 9 2 12 2 20 2 45 2 
106
0 18
0 53
1 17
1 23
1 25
1 45
1 49
1 55
3 15
3 21
3 22
4 16
4 29
5 42
5 50
6 15
6 21
6 27
6 36
6 48
7 8
7 34
7 41
7 44
7 56
8 34
8 41
8 44
8 56
9 32
9 42
9 50
10 27
10 46
11 16
11 29
12 26
12 33
12 35
13 18
13 43
13 53
13 54
14 20
14 28
14 37
14 39
14 51
15 21
15 36
16 29
16 47
16 52
17 23
17 25
17 45
17 49
17 55
18 43
18 53
19 20
19 28
19 37
19 39
19 51
20 28
20 39
20 51
21 27
21 36
21 48
23 25
23 45
23 49
23 55
25 45
25 49
25 55
26 35
26 38
27 46
27 48
28 37
28 39
28 51
29 47
29 52
30 40
31 40
32 42
32 50
33 35
34 41
34 44
34 56
37 39
37 51
39 51
41 44
41 56
42 50
43 53
43 54
44 56
45 55
47 52
