66 71
0 3 1 18 2 
1 3 3 8 2 9 2 62 2 
2 3 3 8 2 9 2 62 2 
3 3 7 4 2 15 2 53 2 54 2 55 2 56 2 66 2 
4 3 2 35 2 49 2 
5 3 7 4 2 15 2 53 2 54 2 55 2 56 2 66 2 
6 3 7 4 2 15 2 53 2 54 2 55 2 56 2 66 2 
7 2 2 63 2 64 2 
8 3 3 4 2 49 2 54 2 
9 3 1 55 2 
10 2 2 11 2 28 2 
11 3 2 53 2 54 2 
12 2 4 5 2 18 2 23 2 24 2 
13 3 2 8 2 18 2 
14 3 7 4 2 15 2 53 2 54 2 55 2 56 2 66 2 
15 3 2 4 2 15 2 
16 3 2 59 2 61 2 
17 2 3 9 2 58 2 62 2 
18 3 3 8 2 9 2 62 2 
19 2 1 60 2 
20 3 1 63 2 
21 3 5 8 2 9 2 58 2 60 2 62 2 
22 3 7 4 2 15 2 53 2 54 2 55 2 56 2 66 2 
23 3 1 10 2 
24 3 7 4 2 15 2 53 2 54 2 55 2 56 2 66 2 
25 3 2 10 2 59 2 
26 3 2 54 2 68 2 
27 3 1 49 2 
28 2 1 63 2 
29 2 1 55 2 
30 3 1 15 2 
31 3 1 9 2 
32 3 2 15 2 67 2 
33 3 1 10 2 
34 2 1 11 2 
35 3 1 49 2 
36 3 1 49 2 
37 2 1 55 2 
38 3 2 54 2 68 2 
39 3 5 38 2 39 2 40 2 41 2 49 2 
40 3 2 60 2 63 2 
41 3 7 4 2 15 2 53 2 54 2 55 2 56 2 66 2 
42 3 42 0 1 1 1 2 1 3 1 4 1 5 1 6 1 8 1 11 1 12 2 13 1 18 1 19 1 20 1 21 1 22 1 24 1 25 1 26 1 27 1 28 1 29 1 30 1 31 1 32 1 34 1 35 2 36 2 37 2 38 2 39 2 40 2 41 2 42 2 43 2 44 2 45 2 46 2 47 2 48 2 49 2 50 2 
43 3 4 4 2 54 2 56 2 65 2 
44 2 1 62 2 
45 3 4 4 2 8 2 18 2 69 2 
46 2 5 4 2 18 2 51 2 59 2 61 2 
47 2 1 59 2 
48 2 7 3 2 4 2 9 2 31 2 52 2 57 2 61 2 
49 2 1 8 2 
50 2 5 4 2 18 2 51 2 59 2 61 2 
51 2 3 11 2 14 2 16 2 
52 3 1 58 2 
53 3 3 15 2 49 2 53 2 
54 3 1 54 2 
55 3 1 60 2 
56 2 1 62 2 
57 2 1 59 2 
58 2 15 4 2 7 1 9 2 10 2 14 2 17 2 18 2 23 2 25 2 31 2 33 2 52 2 57 2 61 2 70 2 
59 2 4 15 2 54 2 55 2 59 2 
60 2 4 4 2 15 2 54 2 59 2 
61 2 4 4 2 15 2 54 2 59 2 
62 2 4 4 2 15 2 54 2 59 2 
63 2 4 4 2 15 2 54 2 59 2 
64 2 2 49 2 56 2 
65 2 15 4 2 7 1 9 2 10 2 14 2 17 2 18 2 23 2 25 2 31 2 33 2 52 2 57 2 61 2 70 2 
175
0 15
0 22
0 32
1 9
1 52
1 55
2 13
2 21
2 26
2 30
2 48
2 51
2 57
3 23
3 28
3 44
3 50
4 12
4 14
4 17
4 20
4 24
4 29
4 31
4 34
4 35
4 45
4 47
5 16
5 59
5 60
5 61
5 62
5 63
5 64
6 23
6 44
6 50
7 18
7 33
7 39
7 40
7 41
8 25
8 43
8 53
8 54
9 52
9 55
10 18
10 33
10 39
10 40
11 25
11 43
11 53
11 58
11 65
12 14
12 20
12 29
12 31
12 35
12 36
12 47
13 21
13 26
13 30
13 48
13 51
13 57
14 20
14 29
14 31
14 35
14 36
14 47
15 22
15 32
16 37
16 59
16 60
16 61
16 62
16 63
16 64
17 24
17 34
17 35
17 36
17 45
18 33
18 39
18 40
18 41
19 27
19 38
19 56
20 21
20 29
20 30
20 31
20 35
20 36
20 47
20 48
21 30
21 48
22 32
23 28
23 44
23 50
24 34
24 35
24 36
24 45
25 43
25 53
25 54
25 58
25 65
26 51
26 57
27 38
27 42
27 54
27 56
28 44
28 50
29 31
29 35
29 36
29 47
30 48
31 35
31 36
31 47
31 49
33 39
33 40
33 41
34 35
34 36
34 45
35 45
35 47
36 45
36 47
37 60
37 61
37 62
37 63
38 56
39 40
39 41
40 41
42 54
43 53
43 54
43 58
43 65
44 50
51 57
52 55
53 54
53 58
53 65
58 65
59 64
60 61
60 62
60 63
61 62
61 63
62 63
