69 67
0 3 8 0 1 4 2 6 2 21 2 35 2 57 2 58 2 59 2 
1 3 7 7 2 20 2 21 2 29 2 36 2 57 2 58 2 
2 3 7 7 2 20 2 21 2 29 2 36 2 57 2 58 2 
3 3 3 6 2 21 2 58 2 
4 3 8 0 1 4 2 6 2 21 2 35 2 57 2 58 2 59 2 
5 3 8 0 1 4 2 6 2 21 2 35 2 57 2 58 2 59 2 
6 4 23 0 1 2 1 5 1 7 1 8 2 9 1 10 1 15 1 20 1 26 2 28 1 32 1 34 1 36 2 40 1 42 2 43 2 44 2 45 2 46 2 47 2 52 2 53 2 
7 2 2 29 2 40 2 
8 3 8 0 1 4 2 6 2 21 2 35 2 57 2 58 2 59 2 
9 3 8 0 1 4 2 6 2 21 2 35 2 57 2 58 2 59 2 
10 4 23 0 1 2 1 5 1 7 1 8 2 9 1 10 1 15 1 20 1 26 2 28 1 32 1 34 1 36 2 40 1 42 2 43 2 44 2 45 2 46 2 47 2 52 2 53 2 
11 3 2 30 2 60 2 
12 3 7 7 2 20 2 21 2 29 2 36 2 57 2 58 2 
13 3 3 6 2 21 2 58 2 
14 2 3 27 2 38 2 64 2 
15 3 7 7 2 20 2 21 2 29 2 36 2 57 2 58 2 
16 3 7 7 2 20 2 21 2 29 2 36 2 57 2 58 2 
17 3 3 6 2 21 2 58 2 
18 3 7 7 2 20 2 21 2 29 2 36 2 57 2 58 2 
19 3 7 7 2 20 2 21 2 29 2 36 2 57 2 58 2 
20 3 8 0 1 4 2 6 2 21 2 35 2 57 2 58 2 59 2 
21 4 23 0 1 2 1 5 1 7 1 8 2 9 1 10 1 15 1 20 1 26 2 28 1 32 1 34 1 36 2 40 1 42 2 43 2 44 2 45 2 46 2 47 2 52 2 53 2 
22 3 3 4 2 40 2 57 2 
23 3 1 36 2 
24 3 2 6 2 57 2 
25 3 42 0 1 1 1 2 1 4 1 5 1 8 1 9 1 11 1 16 1 17 2 18 1 22 1 23 1 24 1 25 1 26 1 28 1 29 1 31 1 32 1 33 1 35 1 36 1 37 1 38 1 40 1 41 2 42 2 43 2 44 2 45 2 46 2 47 2 48 2 49 2 50 2 51 2 52 2 53 2 54 2 55 2 56 2 
26 3 7 7 2 20 2 21 2 29 2 36 2 57 2 58 2 
27 3 7 7 2 20 2 21 2 29 2 36 2 57 2 58 2 
28 3 6 6 2 20 2 29 2 36 2 57 2 58 2 
29 2 4 0 1 6 1 29 2 40 2 
30 3 1 29 2 
31 2 1 29 2 
32 4 7 0 1 7 2 12 2 13 2 20 1 30 2 40 1 
33 3 2 0 2 60 2 
34 2 1 29 2 
35 3 2 0 1 4 2 
36 3 1 35 2 
37 4 7 0 1 7 2 12 2 13 2 20 1 30 2 40 1 
38 2 2 4 1 39 2 
39 3 1 35 2 
40 2 1 30 2 
41 4 7 0 1 7 2 12 2 13 2 20 1 30 2 40 1 
42 3 1 35 2 
43 3 3 6 2 7 2 20 2 
44 3 2 0 2 60 2 
45 3 1 6 2 
46 2 5 6 2 20 2 36 2 57 2 58 2 
47 3 8 0 1 4 2 6 2 21 2 35 2 57 2 58 2 59 2 
48 3 1 30 2 
49 3 1 6 2 
50 2 2 29 2 40 2 
51 2 2 6 2 57 2 
52 2 1 27 2 
53 2 7 4 2 5 2 14 2 37 2 60 2 61 2 63 2 
54 3 7 0 1 8 1 20 1 21 1 27 1 38 1 40 1 
55 2 3 40 2 64 2 65 2 
56 2 1 27 2 
57 2 5 5 2 22 2 58 2 62 2 63 2 
58 2 4 21 2 23 1 27 1 40 1 
59 3 7 0 1 8 1 20 1 21 1 27 1 38 1 40 1 
60 2 1 4 2 
61 2 1 27 2 
62 3 1 30 2 
63 2 5 6 2 20 2 36 2 57 2 58 2 
64 2 2 6 2 59 2 
65 2 6 1 2 3 2 9 2 12 2 19 2 40 2 
66 2 15 5 2 10 1 14 2 15 2 20 2 21 2 22 2 27 2 29 2 37 2 39 2 60 2 61 2 63 2 66 2 
67 2 4 20 2 21 2 57 2 58 2 
68 2 15 5 2 10 1 14 2 15 2 20 2 21 2 22 2 27 2 29 2 37 2 39 2 60 2 61 2 63 2 66 2 
229
0 18
0 24
0 27
0 38
0 43
0 44
0 61
0 67
1 4
1 6
1 36
1 42
1 55
2 9
2 10
2 14
2 28
2 37
2 39
2 53
2 64
3 11
3 21
3 23
3 32
3 48
3 57
3 65
4 6
4 35
4 36
4 42
4 54
4 55
4 60
4 66
4 68
5 6
5 7
5 19
5 35
5 36
5 41
5 42
5 45
5 49
5 50
5 55
5 58
5 59
5 66
5 68
6 19
6 36
6 42
6 45
6 49
6 55
7 35
7 41
7 50
7 59
7 66
7 68
8 10
8 12
8 28
8 29
8 37
8 39
8 41
8 53
8 56
9 10
9 14
9 28
9 31
9 37
9 39
9 41
9 53
9 64
10 12
10 14
10 28
10 37
10 39
10 53
10 56
10 64
11 21
11 32
11 48
11 57
11 65
12 28
12 37
12 39
12 53
12 56
13 51
14 28
14 37
14 39
14 53
14 64
15 20
15 22
15 24
15 43
15 44
15 61
15 63
16 17
16 30
16 52
17 30
17 40
17 52
18 24
18 43
18 44
18 61
19 36
19 42
19 45
19 49
19 55
19 58
20 22
20 24
20 25
20 26
20 34
20 43
20 44
20 61
20 62
20 63
21 32
21 48
21 57
21 65
22 25
22 26
22 34
22 43
22 44
22 62
22 63
23 32
23 46
24 43
24 44
24 61
24 63
25 26
25 34
25 62
26 34
26 62
27 38
27 67
28 37
28 39
28 53
28 56
28 64
29 41
30 40
30 52
31 41
32 57
32 65
33 46
33 47
33 48
34 62
35 50
35 54
35 59
35 60
35 66
35 68
36 45
36 49
36 55
37 39
37 53
37 64
38 67
39 53
39 64
40 52
41 50
41 59
41 66
41 68
42 49
42 55
43 44
43 61
43 63
44 61
44 63
45 55
45 58
46 47
47 48
48 57
48 65
49 55
49 58
50 59
50 66
50 68
53 56
53 64
54 60
54 66
54 68
55 58
57 65
59 66
59 68
60 66
60 68
61 63
66 68
