74 46
0 3 2 38 2 44 2 
1 3 2 21 2 39 2 
2 3 3 2 2 29 2 31 2 
3 3 4 7 2 14 2 31 2 42 2 
4 2 2 2 2 36 2 
5 3 3 2 2 29 2 31 2 
6 3 3 2 2 29 2 31 2 
7 2 1 39 2 
8 3 1 21 2 
9 3 3 2 2 29 2 31 2 
10 2 1 40 2 
11 3 3 2 2 29 2 31 2 
12 2 2 1 2 42 2 
13 2 1 35 2 
14 3 3 2 2 29 2 31 2 
15 3 3 2 2 29 2 31 2 
16 2 2 13 2 20 2 
17 3 3 2 2 29 2 31 2 
18 3 3 2 2 29 2 31 2 
19 4 23 0 1 2 1 5 1 6 1 8 2 9 1 10 1 12 1 15 1 16 2 17 1 19 1 21 1 22 2 24 1 25 2 26 2 27 2 28 2 29 2 30 2 32 2 33 2 
20 3 2 35 2 37 2 
21 2 2 36 2 37 2 
22 2 5 4 2 21 2 36 2 39 2 43 2 
23 2 1 42 2 
24 2 2 7 2 45 2 
25 3 3 2 2 29 2 31 2 
26 2 1 40 2 
27 3 10 1 2 2 2 14 2 18 2 23 2 34 2 35 2 40 2 41 2 42 2 
28 2 2 1 2 18 2 
29 2 1 21 2 
30 3 10 1 2 2 2 14 2 18 2 23 2 34 2 35 2 40 2 41 2 42 2 
31 3 3 2 2 29 2 31 2 
32 3 1 31 2 
33 3 10 1 2 2 2 14 2 18 2 23 2 34 2 35 2 40 2 41 2 42 2 
34 3 10 1 2 2 2 14 2 18 2 23 2 34 2 35 2 40 2 41 2 42 2 
35 3 10 1 2 2 2 14 2 18 2 23 2 34 2 35 2 40 2 41 2 42 2 
36 3 2 35 2 37 2 
37 3 3 2 2 29 2 31 2 
38 3 10 1 2 2 2 14 2 18 2 23 2 34 2 35 2 40 2 41 2 42 2 
39 3 3 2 2 29 2 31 2 
40 3 2 2 2 14 2 
41 2 1 18 2 
42 2 2 1 2 20 2 
43 2 2 1 2 20 2 
44 2 1 20 2 
45 3 2 2 2 14 2 
46 3 2 14 2 36 2 
47 2 2 2 2 14 2 
48 2 2 21 2 39 2 
49 2 5 4 2 21 2 36 2 39 2 43 2 
50 3 10 1 2 2 2 14 2 18 2 23 2 34 2 35 2 40 2 41 2 42 2 
51 2 1 18 2 
52 2 3 3 2 36 2 40 2 
53 2 7 1 2 3 2 11 2 21 2 23 2 24 2 35 2 
54 2 1 3 2 
55 2 2 23 2 41 2 
56 3 1 42 2 
57 1 1 37 2 
58 3 1 29 2 
59 3 3 3 1 14 1 21 1 
60 3 1 37 2 
61 2 4 1 2 3 2 20 2 23 2 
62 2 6 1 2 3 2 9 2 11 2 14 2 24 2 
63 2 1 18 2 
64 2 6 1 2 3 2 9 2 11 2 14 2 24 2 
65 2 4 1 2 3 2 20 2 23 2 
66 2 1 35 2 
67 2 4 1 2 3 2 20 2 23 2 
68 2 6 1 2 3 2 9 2 11 2 14 2 24 2 
69 2 4 1 2 3 2 20 2 23 2 
70 2 1 18 2 
71 2 2 1 2 14 2 
72 2 2 1 2 14 2 
73 2 1 37 2 
197
0 2
0 11
0 22
0 23
0 34
0 35
0 42
0 55
0 62
1 15
1 71
2 23
2 35
2 42
2 55
2 62
3 7
3 25
3 33
3 43
3 46
4 32
4 53
4 72
5 16
5 50
5 54
6 27
6 63
6 66
6 73
7 25
7 33
7 43
7 46
8 12
8 13
8 21
8 41
8 61
8 69
9 10
9 20
9 45
9 64
9 68
9 70
10 19
10 20
10 29
10 45
10 52
10 58
10 60
10 64
10 65
10 67
10 68
10 70
11 22
11 34
11 62
12 41
12 46
12 61
12 69
13 21
13 61
13 69
14 28
14 71
15 71
16 50
16 54
17 26
17 36
17 44
17 45
17 57
17 64
17 68
18 30
18 63
19 26
19 29
19 38
19 52
19 58
19 60
19 65
19 67
20 45
20 64
20 68
20 70
21 61
21 69
22 34
22 62
23 35
23 42
23 55
23 62
24 39
24 40
24 49
24 51
25 33
25 43
25 46
26 29
26 36
26 38
26 44
26 45
26 58
26 60
26 64
26 65
26 67
26 68
27 63
27 66
27 73
28 71
29 38
29 52
29 58
29 60
29 65
29 67
30 63
31 40
32 53
32 59
32 72
33 43
33 46
34 62
35 42
35 55
35 62
36 44
36 45
36 57
36 64
36 68
37 47
37 48
37 54
37 56
38 58
38 60
38 65
38 67
39 40
39 49
39 51
40 49
41 61
41 69
42 55
42 62
43 46
44 45
44 57
44 64
44 68
45 57
45 64
45 68
47 48
47 54
47 56
48 54
48 56
49 51
50 54
52 58
52 65
52 67
53 59
53 72
54 56
55 62
57 64
57 68
58 60
58 65
58 67
59 72
60 65
60 67
61 69
64 68
65 67
66 73
