66 58
0 2 3 20 2 24 2 46 2 
1 3 5 14 2 15 2 37 2 48 2 53 2 
2 2 4 14 2 15 2 19 2 53 2 
3 3 5 15 2 18 2 19 2 25 2 48 2 
4 3 1 48 2 
5 3 2 19 2 26 2 
6 3 5 14 2 15 2 37 2 48 2 53 2 
7 2 6 14 2 19 2 24 2 25 2 40 2 43 2 
8 3 5 14 2 15 2 37 2 48 2 53 2 
9 3 5 14 2 15 2 37 2 48 2 53 2 
10 3 4 39 2 50 2 52 2 55 2 
11 3 2 38 2 53 2 
12 3 5 14 2 15 2 37 2 48 2 53 2 
13 3 5 14 2 15 2 37 2 48 2 53 2 
14 2 6 14 2 19 2 24 2 25 2 40 2 43 2 
15 2 6 14 2 19 2 24 2 25 2 40 2 43 2 
16 1 4 18 2 25 2 48 2 53 2 
17 2 6 14 2 19 2 24 2 25 2 40 2 43 2 
18 3 3 15 2 39 2 43 2 
19 4 23 0 1 1 1 3 1 4 1 5 2 6 1 7 1 9 1 11 1 16 2 19 1 21 1 22 1 23 2 27 1 29 2 30 2 31 2 32 2 33 2 34 2 35 2 36 2 
20 2 6 14 2 19 2 24 2 25 2 40 2 43 2 
21 2 6 14 2 19 2 24 2 25 2 40 2 43 2 
22 2 6 14 2 19 2 24 2 25 2 40 2 43 2 
23 3 2 14 2 19 2 
24 3 1 54 2 
25 3 1 15 2 
26 3 1 55 2 
27 2 1 37 2 
28 3 1 46 2 
29 3 1 55 2 
30 2 2 19 2 56 2 
31 2 2 10 2 48 2 
32 3 1 15 2 
33 2 2 19 2 56 2 
34 3 1 47 2 
35 2 1 50 2 
36 3 1 5 2 
37 2 1 37 2 
38 3 1 55 2 
39 2 2 5 2 14 2 
40 3 2 26 2 28 2 
41 3 2 26 2 28 2 
42 2 3 38 2 51 2 53 2 
43 3 5 14 2 15 2 37 2 48 2 53 2 
44 2 6 14 2 19 2 24 2 25 2 40 2 43 2 
45 3 2 41 2 47 2 
46 2 7 5 2 14 2 18 2 37 2 40 2 48 2 50 2 
47 2 2 18 2 25 2 
48 2 2 39 2 40 2 
49 2 7 2 2 3 2 8 2 24 2 42 2 43 2 44 2 
50 2 2 41 2 49 2 
51 2 2 5 2 48 2 
52 2 2 18 2 25 2 
53 2 1 41 2 
54 3 3 25 2 26 2 39 2 
55 2 2 47 2 49 2 
56 2 2 41 2 49 2 
57 2 1 18 2 
58 2 3 45 2 46 2 47 2 
59 2 15 3 2 7 1 8 2 9 2 11 2 12 2 13 2 17 2 20 2 24 2 26 2 42 2 43 2 44 2 57 2 
60 2 4 15 2 25 2 40 2 49 2 
61 2 4 15 2 25 2 40 2 49 2 
62 2 1 48 2 
63 2 4 15 2 25 2 40 2 49 2 
64 2 1 39 2 
65 2 4 15 2 25 2 40 2 49 2 
180
0 1
0 7
0 9
0 25
0 49
1 7
1 20
1 25
1 49
2 8
2 38
2 48
2 53
3 13
3 23
3 39
3 43
3 54
4 21
4 29
4 60
4 61
5 33
5 44
5 47
6 18
6 52
7 9
7 25
7 49
8 17
8 38
8 46
8 48
8 50
9 24
9 25
9 26
9 49
9 55
9 57
10 12
10 19
10 28
10 32
10 37
10 42
10 51
10 59
11 14
11 27
11 29
11 34
11 56
11 60
11 61
11 62
12 19
12 28
12 32
12 37
12 42
12 51
12 59
13 16
13 19
13 23
13 42
13 43
13 54
13 64
14 27
14 29
14 34
14 56
14 60
14 61
14 62
15 36
15 40
15 41
15 45
16 19
16 23
16 42
16 64
17 38
17 46
17 48
17 50
18 52
19 28
19 32
19 37
19 42
19 51
19 59
19 64
20 25
20 49
21 29
21 60
21 61
22 31
22 36
22 40
22 41
22 45
23 43
23 54
24 26
24 55
24 57
25 49
26 55
26 57
27 29
27 34
27 56
27 60
27 61
27 62
28 32
28 37
28 42
28 51
28 59
29 60
29 61
30 58
30 63
30 65
31 36
31 40
31 41
31 45
32 37
32 42
32 51
32 59
33 47
34 44
34 47
34 56
34 60
34 61
34 62
35 58
35 63
35 65
36 40
36 41
36 45
37 51
37 59
38 46
38 48
38 53
39 43
39 54
40 41
40 45
41 45
42 59
42 64
43 54
44 47
46 48
46 50
51 59
55 57
56 60
56 61
56 62
58 63
58 65
60 61
60 62
61 62
63 65
