465 96
0 1 5 0 2 7 2 44 2 48 2 49 2 
1 4 7 0 1 7 2 12 2 13 2 20 1 33 2 44 1 
2 4 7 0 1 7 2 12 2 13 2 20 1 33 2 44 1 
3 1 5 0 2 7 2 44 2 48 2 49 2 
4 1 5 0 2 7 2 44 2 48 2 49 2 
5 1 5 0 2 7 2 44 2 48 2 49 2 
6 1 5 0 2 7 2 44 2 48 2 49 2 
7 4 7 0 1 7 2 12 2 13 2 20 1 33 2 44 1 
8 3 2 9 2 28 2 
9 3 2 9 2 12 2 
10 3 3 6 2 7 2 20 2 
11 3 3 6 2 7 2 20 2 
12 3 2 0 1 4 2 
13 3 3 18 2 25 2 35 2 
14 3 3 18 2 25 2 35 2 
15 2 2 4 1 43 2 
16 3 2 0 2 69 2 
17 3 1 21 2 
18 3 1 15 2 
19 3 1 32 2 
20 3 2 19 2 59 2 
21 3 2 19 2 59 2 
22 2 1 54 2 
23 2 1 75 2 
24 3 1 44 2 
25 2 1 32 2 
26 2 1 81 2 
27 2 2 2 2 19 2 
28 2 1 89 2 
29 2 1 80 2 
30 3 2 15 2 79 2 
31 3 1 92 2 
32 3 2 26 2 31 2 
33 3 1 83 2 
34 3 1 75 2 
35 3 1 8 2 
36 3 1 8 2 
37 3 1 8 2 
38 3 1 84 2 
39 2 1 64 2 
40 3 1 86 2 
41 3 1 91 2 
42 2 1 27 2 
43 2 1 3 2 
44 2 1 36 2 
45 2 1 34 2 
46 2 1 10 2 
47 2 2 1 2 72 2 
48 2 2 1 2 72 2 
49 3 1 57 2 
50 3 2 74 2 93 2 
51 3 1 57 2 
52 3 1 27 2 
53 3 1 26 2 
54 2 2 8 2 26 2 
55 2 1 16 2 
56 1 8 45 2 46 2 47 2 48 2 49 2 50 2 51 2 52 2 
57 1 8 45 2 46 2 47 2 48 2 49 2 50 2 51 2 52 2 
58 1 8 45 2 46 2 47 2 48 2 49 2 50 2 51 2 52 2 
59 1 8 45 2 46 2 47 2 48 2 49 2 50 2 51 2 52 2 
60 1 8 45 2 46 2 47 2 48 2 49 2 50 2 51 2 52 2 
61 1 8 45 2 46 2 47 2 48 2 49 2 50 2 51 2 52 2 
62 1 8 45 2 46 2 47 2 48 2 49 2 50 2 51 2 52 2 
63 1 8 45 2 46 2 47 2 48 2 49 2 50 2 51 2 52 2 
64 1 8 45 2 46 2 47 2 48 2 49 2 50 2 51 2 52 2 
65 1 8 45 2 46 2 47 2 48 2 49 2 50 2 51 2 52 2 
66 1 8 45 2 46 2 47 2 48 2 49 2 50 2 51 2 52 2 
67 1 8 45 2 46 2 47 2 48 2 49 2 50 2 51 2 52 2 
68 1 8 45 2 46 2 47 2 48 2 49 2 50 2 51 2 52 2 
69 1 8 45 2 46 2 47 2 48 2 49 2 50 2 51 2 52 2 
70 1 8 45 2 46 2 47 2 48 2 49 2 50 2 51 2 52 2 
71 1 8 45 2 46 2 47 2 48 2 49 2 50 2 51 2 52 2 
72 1 8 45 2 46 2 47 2 48 2 49 2 50 2 51 2 52 2 
73 1 8 45 2 46 2 47 2 48 2 49 2 50 2 51 2 52 2 
74 1 8 45 2 46 2 47 2 48 2 49 2 50 2 51 2 52 2 
75 1 8 45 2 46 2 47 2 48 2 49 2 50 2 51 2 52 2 
76 1 8 45 2 46 2 47 2 48 2 49 2 50 2 51 2 52 2 
77 1 8 45 2 46 2 47 2 48 2 49 2 50 2 51 2 52 2 
78 1 8 45 2 46 2 47 2 48 2 49 2 50 2 51 2 52 2 
79 1 8 45 2 46 2 47 2 48 2 49 2 50 2 51 2 52 2 
80 1 8 45 2 46 2 47 2 48 2 49 2 50 2 51 2 52 2 
81 1 8 45 2 46 2 47 2 48 2 49 2 50 2 51 2 52 2 
82 1 8 45 2 46 2 47 2 48 2 49 2 50 2 51 2 52 2 
83 1 8 45 2 46 2 47 2 48 2 49 2 50 2 51 2 52 2 
84 1 8 45 2 46 2 47 2 48 2 49 2 50 2 51 2 52 2 
85 4 44 0 1 1 1 2 1 3 1 4 1 5 1 7 1 8 1 9 1 10 1 13 1 14 1 15 1 16 1 17 1 18 1 19 1 20 1 21 1 22 1 24 1 26 1 28 2 29 1 30 1 32 2 33 1 35 1 37 1 39 1 41 1 42 1 43 1 44 1 45 2 46 2 47 2 48 2 49 2 50 2 51 2 53 2 54 2 55 2 
86 1 8 45 2 46 2 47 2 48 2 49 2 50 2 51 2 52 2 
87 1 8 45 2 46 2 47 2 48 2 49 2 50 2 51 2 52 2 
88 1 8 45 2 46 2 47 2 48 2 49 2 50 2 51 2 52 2 
89 1 8 45 2 46 2 47 2 48 2 49 2 50 2 51 2 52 2 
90 1 8 45 2 46 2 47 2 48 2 49 2 50 2 51 2 52 2 
91 1 8 45 2 46 2 47 2 48 2 49 2 50 2 51 2 52 2 
92 1 8 45 2 46 2 47 2 48 2 49 2 50 2 51 2 52 2 
93 1 8 45 2 46 2 47 2 48 2 49 2 50 2 51 2 52 2 
94 1 8 45 2 46 2 47 2 48 2 49 2 50 2 51 2 52 2 
95 1 8 45 2 46 2 47 2 48 2 49 2 50 2 51 2 52 2 
96 1 8 45 2 46 2 47 2 48 2 49 2 50 2 51 2 52 2 
97 1 8 45 2 46 2 47 2 48 2 49 2 50 2 51 2 52 2 
98 1 8 45 2 46 2 47 2 48 2 49 2 50 2 51 2 52 2 
99 1 8 45 2 46 2 47 2 48 2 49 2 50 2 51 2 52 2 
100 1 8 45 2 46 2 47 2 48 2 49 2 50 2 51 2 52 2 
101 1 8 45 2 46 2 47 2 48 2 49 2 50 2 51 2 52 2 
102 1 8 45 2 46 2 47 2 48 2 49 2 50 2 51 2 52 2 
103 1 8 45 2 46 2 47 2 48 2 49 2 50 2 51 2 52 2 
104 1 8 45 2 46 2 47 2 48 2 49 2 50 2 51 2 52 2 
105 1 8 45 2 46 2 47 2 48 2 49 2 50 2 51 2 52 2 
106 1 8 45 2 46 2 47 2 48 2 49 2 50 2 51 2 52 2 
107 1 8 45 2 46 2 47 2 48 2 49 2 50 2 51 2 52 2 
108 4 44 0 1 1 1 2 1 3 1 4 1 5 1 7 1 8 1 9 1 10 1 13 1 14 1 15 1 16 1 17 1 18 1 19 1 20 1 21 1 22 1 24 1 26 1 28 2 29 1 30 1 32 2 33 1 35 1 37 1 39 1 41 1 42 1 43 1 44 1 45 2 46 2 47 2 48 2 49 2 50 2 51 2 53 2 54 2 55 2 
109 1 8 45 2 46 2 47 2 48 2 49 2 50 2 51 2 52 2 
110 4 44 0 1 1 1 2 1 3 1 4 1 5 1 7 1 8 1 9 1 10 1 13 1 14 1 15 1 16 1 17 1 18 1 19 1 20 1 21 1 22 1 24 1 26 1 28 2 29 1 30 1 32 2 33 1 35 1 37 1 39 1 41 1 42 1 43 1 44 1 45 2 46 2 47 2 48 2 49 2 50 2 51 2 53 2 54 2 55 2 
111 1 8 45 2 46 2 47 2 48 2 49 2 50 2 51 2 52 2 
112 1 8 45 2 46 2 47 2 48 2 49 2 50 2 51 2 52 2 
113 1 8 45 2 46 2 47 2 48 2 49 2 50 2 51 2 52 2 
114 1 8 45 2 46 2 47 2 48 2 49 2 50 2 51 2 52 2 
115 1 8 45 2 46 2 47 2 48 2 49 2 50 2 51 2 52 2 
116 1 8 45 2 46 2 47 2 48 2 49 2 50 2 51 2 52 2 
117 1 8 45 2 46 2 47 2 48 2 49 2 50 2 51 2 52 2 
118 1 8 45 2 46 2 47 2 48 2 49 2 50 2 51 2 52 2 
119 1 8 45 2 46 2 47 2 48 2 49 2 50 2 51 2 52 2 
120 1 8 45 2 46 2 47 2 48 2 49 2 50 2 51 2 52 2 
121 4 44 0 1 1 1 2 1 3 1 4 1 5 1 7 1 8 1 9 1 10 1 13 1 14 1 15 1 16 1 17 1 18 1 19 1 20 1 21 1 22 1 24 1 26 1 28 2 29 1 30 1 32 2 33 1 35 1 37 1 39 1 41 1 42 1 43 1 44 1 45 2 46 2 47 2 48 2 49 2 50 2 51 2 53 2 54 2 55 2 
122 1 8 45 2 46 2 47 2 48 2 49 2 50 2 51 2 52 2 
123 1 8 45 2 46 2 47 2 48 2 49 2 50 2 51 2 52 2 
124 1 8 45 2 46 2 47 2 48 2 49 2 50 2 51 2 52 2 
125 1 8 45 2 46 2 47 2 48 2 49 2 50 2 51 2 52 2 
126 1 8 45 2 46 2 47 2 48 2 49 2 50 2 51 2 52 2 
127 1 8 45 2 46 2 47 2 48 2 49 2 50 2 51 2 52 2 
128 4 44 0 1 1 1 2 1 3 1 4 1 5 1 7 1 8 1 9 1 10 1 13 1 14 1 15 1 16 1 17 1 18 1 19 1 20 1 21 1 22 1 24 1 26 1 28 2 29 1 30 1 32 2 33 1 35 1 37 1 39 1 41 1 42 1 43 1 44 1 45 2 46 2 47 2 48 2 49 2 50 2 51 2 53 2 54 2 55 2 
129 1 8 45 2 46 2 47 2 48 2 49 2 50 2 51 2 52 2 
130 1 8 45 2 46 2 47 2 48 2 49 2 50 2 51 2 52 2 
131 1 8 45 2 46 2 47 2 48 2 49 2 50 2 51 2 52 2 
132 1 8 45 2 46 2 47 2 48 2 49 2 50 2 51 2 52 2 
133 1 8 45 2 46 2 47 2 48 2 49 2 50 2 51 2 52 2 
134 1 8 45 2 46 2 47 2 48 2 49 2 50 2 51 2 52 2 
135 1 8 45 2 46 2 47 2 48 2 49 2 50 2 51 2 52 2 
136 1 8 45 2 46 2 47 2 48 2 49 2 50 2 51 2 52 2 
137 1 8 45 2 46 2 47 2 48 2 49 2 50 2 51 2 52 2 
138 1 8 45 2 46 2 47 2 48 2 49 2 50 2 51 2 52 2 
139 1 8 45 2 46 2 47 2 48 2 49 2 50 2 51 2 52 2 
140 1 8 45 2 46 2 47 2 48 2 49 2 50 2 51 2 52 2 
141 1 8 45 2 46 2 47 2 48 2 49 2 50 2 51 2 52 2 
142 1 8 45 2 46 2 47 2 48 2 49 2 50 2 51 2 52 2 
143 1 8 45 2 46 2 47 2 48 2 49 2 50 2 51 2 52 2 
144 1 8 45 2 46 2 47 2 48 2 49 2 50 2 51 2 52 2 
145 1 8 45 2 46 2 47 2 48 2 49 2 50 2 51 2 52 2 
146 1 8 45 2 46 2 47 2 48 2 49 2 50 2 51 2 52 2 
147 1 8 45 2 46 2 47 2 48 2 49 2 50 2 51 2 52 2 
148 1 8 45 2 46 2 47 2 48 2 49 2 50 2 51 2 52 2 
149 1 8 45 2 46 2 47 2 48 2 49 2 50 2 51 2 52 2 
150 1 8 45 2 46 2 47 2 48 2 49 2 50 2 51 2 52 2 
151 1 8 45 2 46 2 47 2 48 2 49 2 50 2 51 2 52 2 
152 1 8 45 2 46 2 47 2 48 2 49 2 50 2 51 2 52 2 
153 1 8 45 2 46 2 47 2 48 2 49 2 50 2 51 2 52 2 
154 1 8 45 2 46 2 47 2 48 2 49 2 50 2 51 2 52 2 
155 1 8 45 2 46 2 47 2 48 2 49 2 50 2 51 2 52 2 
156 1 8 45 2 46 2 47 2 48 2 49 2 50 2 51 2 52 2 
157 1 8 45 2 46 2 47 2 48 2 49 2 50 2 51 2 52 2 
158 1 8 45 2 46 2 47 2 48 2 49 2 50 2 51 2 52 2 
159 4 44 0 1 1 1 2 1 3 1 4 1 5 1 7 1 8 1 9 1 10 1 13 1 14 1 15 1 16 1 17 1 18 1 19 1 20 1 21 1 22 1 24 1 26 1 28 2 29 1 30 1 32 2 33 1 35 1 37 1 39 1 41 1 42 1 43 1 44 1 45 2 46 2 47 2 48 2 49 2 50 2 51 2 53 2 54 2 55 2 
160 1 8 45 2 46 2 47 2 48 2 49 2 50 2 51 2 52 2 
161 4 44 0 1 1 1 2 1 3 1 4 1 5 1 7 1 8 1 9 1 10 1 13 1 14 1 15 1 16 1 17 1 18 1 19 1 20 1 21 1 22 1 24 1 26 1 28 2 29 1 30 1 32 2 33 1 35 1 37 1 39 1 41 1 42 1 43 1 44 1 45 2 46 2 47 2 48 2 49 2 50 2 51 2 53 2 54 2 55 2 
162 1 8 45 2 46 2 47 2 48 2 49 2 50 2 51 2 52 2 
163 4 44 0 1 1 1 2 1 3 1 4 1 5 1 7 1 8 1 9 1 10 1 13 1 14 1 15 1 16 1 17 1 18 1 19 1 20 1 21 1 22 1 24 1 26 1 28 2 29 1 30 1 32 2 33 1 35 1 37 1 39 1 41 1 42 1 43 1 44 1 45 2 46 2 47 2 48 2 49 2 50 2 51 2 53 2 54 2 55 2 
164 1 8 45 2 46 2 47 2 48 2 49 2 50 2 51 2 52 2 
165 1 8 45 2 46 2 47 2 48 2 49 2 50 2 51 2 52 2 
166 1 8 45 2 46 2 47 2 48 2 49 2 50 2 51 2 52 2 
167 4 44 0 1 1 1 2 1 3 1 4 1 5 1 7 1 8 1 9 1 10 1 13 1 14 1 15 1 16 1 17 1 18 1 19 1 20 1 21 1 22 1 24 1 26 1 28 2 29 1 30 1 32 2 33 1 35 1 37 1 39 1 41 1 42 1 43 1 44 1 45 2 46 2 47 2 48 2 49 2 50 2 51 2 53 2 54 2 55 2 
168 4 44 0 1 1 1 2 1 3 1 4 1 5 1 7 1 8 1 9 1 10 1 13 1 14 1 15 1 16 1 17 1 18 1 19 1 20 1 21 1 22 1 24 1 26 1 28 2 29 1 30 1 32 2 33 1 35 1 37 1 39 1 41 1 42 1 43 1 44 1 45 2 46 2 47 2 48 2 49 2 50 2 51 2 53 2 54 2 55 2 
169 1 8 45 2 46 2 47 2 48 2 49 2 50 2 51 2 52 2 
170 1 8 45 2 46 2 47 2 48 2 49 2 50 2 51 2 52 2 
171 1 8 45 2 46 2 47 2 48 2 49 2 50 2 51 2 52 2 
172 1 8 45 2 46 2 47 2 48 2 49 2 50 2 51 2 52 2 
173 1 8 45 2 46 2 47 2 48 2 49 2 50 2 51 2 52 2 
174 1 8 45 2 46 2 47 2 48 2 49 2 50 2 51 2 52 2 
175 1 8 45 2 46 2 47 2 48 2 49 2 50 2 51 2 52 2 
176 1 8 45 2 46 2 47 2 48 2 49 2 50 2 51 2 52 2 
177 1 8 45 2 46 2 47 2 48 2 49 2 50 2 51 2 52 2 
178 1 8 45 2 46 2 47 2 48 2 49 2 50 2 51 2 52 2 
179 1 8 45 2 46 2 47 2 48 2 49 2 50 2 51 2 52 2 
180 4 44 0 1 1 1 2 1 3 1 4 1 5 1 7 1 8 1 9 1 10 1 13 1 14 1 15 1 16 1 17 1 18 1 19 1 20 1 21 1 22 1 24 1 26 1 28 2 29 1 30 1 32 2 33 1 35 1 37 1 39 1 41 1 42 1 43 1 44 1 45 2 46 2 47 2 48 2 49 2 50 2 51 2 53 2 54 2 55 2 
181 1 8 45 2 46 2 47 2 48 2 49 2 50 2 51 2 52 2 
182 1 8 45 2 46 2 47 2 48 2 49 2 50 2 51 2 52 2 
183 1 8 45 2 46 2 47 2 48 2 49 2 50 2 51 2 52 2 
184 1 8 45 2 46 2 47 2 48 2 49 2 50 2 51 2 52 2 
185 1 8 45 2 46 2 47 2 48 2 49 2 50 2 51 2 52 2 
186 1 8 45 2 46 2 47 2 48 2 49 2 50 2 51 2 52 2 
187 1 8 45 2 46 2 47 2 48 2 49 2 50 2 51 2 52 2 
188 1 8 45 2 46 2 47 2 48 2 49 2 50 2 51 2 52 2 
189 1 8 45 2 46 2 47 2 48 2 49 2 50 2 51 2 52 2 
190 1 8 45 2 46 2 47 2 48 2 49 2 50 2 51 2 52 2 
191 4 44 0 1 1 1 2 1 3 1 4 1 5 1 7 1 8 1 9 1 10 1 13 1 14 1 15 1 16 1 17 1 18 1 19 1 20 1 21 1 22 1 24 1 26 1 28 2 29 1 30 1 32 2 33 1 35 1 37 1 39 1 41 1 42 1 43 1 44 1 45 2 46 2 47 2 48 2 49 2 50 2 51 2 53 2 54 2 55 2 
192 4 44 0 1 1 1 2 1 3 1 4 1 5 1 7 1 8 1 9 1 10 1 13 1 14 1 15 1 16 1 17 1 18 1 19 1 20 1 21 1 22 1 24 1 26 1 28 2 29 1 30 1 32 2 33 1 35 1 37 1 39 1 41 1 42 1 43 1 44 1 45 2 46 2 47 2 48 2 49 2 50 2 51 2 53 2 54 2 55 2 
193 4 44 0 1 1 1 2 1 3 1 4 1 5 1 7 1 8 1 9 1 10 1 13 1 14 1 15 1 16 1 17 1 18 1 19 1 20 1 21 1 22 1 24 1 26 1 28 2 29 1 30 1 32 2 33 1 35 1 37 1 39 1 41 1 42 1 43 1 44 1 45 2 46 2 47 2 48 2 49 2 50 2 51 2 53 2 54 2 55 2 
194 1 8 45 2 46 2 47 2 48 2 49 2 50 2 51 2 52 2 
195 1 8 45 2 46 2 47 2 48 2 49 2 50 2 51 2 52 2 
196 4 44 0 1 1 1 2 1 3 1 4 1 5 1 7 1 8 1 9 1 10 1 13 1 14 1 15 1 16 1 17 1 18 1 19 1 20 1 21 1 22 1 24 1 26 1 28 2 29 1 30 1 32 2 33 1 35 1 37 1 39 1 41 1 42 1 43 1 44 1 45 2 46 2 47 2 48 2 49 2 50 2 51 2 53 2 54 2 55 2 
197 1 8 45 2 46 2 47 2 48 2 49 2 50 2 51 2 52 2 
198 1 8 45 2 46 2 47 2 48 2 49 2 50 2 51 2 52 2 
199 1 8 45 2 46 2 47 2 48 2 49 2 50 2 51 2 52 2 
200 1 8 45 2 46 2 47 2 48 2 49 2 50 2 51 2 52 2 
201 1 8 45 2 46 2 47 2 48 2 49 2 50 2 51 2 52 2 
202 1 8 45 2 46 2 47 2 48 2 49 2 50 2 51 2 52 2 
203 1 8 45 2 46 2 47 2 48 2 49 2 50 2 51 2 52 2 
204 1 8 45 2 46 2 47 2 48 2 49 2 50 2 51 2 52 2 
205 4 44 0 1 1 1 2 1 3 1 4 1 5 1 7 1 8 1 9 1 10 1 13 1 14 1 15 1 16 1 17 1 18 1 19 1 20 1 21 1 22 1 24 1 26 1 28 2 29 1 30 1 32 2 33 1 35 1 37 1 39 1 41 1 42 1 43 1 44 1 45 2 46 2 47 2 48 2 49 2 50 2 51 2 53 2 54 2 55 2 
206 1 8 45 2 46 2 47 2 48 2 49 2 50 2 51 2 52 2 
207 4 44 0 1 1 1 2 1 3 1 4 1 5 1 7 1 8 1 9 1 10 1 13 1 14 1 15 1 16 1 17 1 18 1 19 1 20 1 21 1 22 1 24 1 26 1 28 2 29 1 30 1 32 2 33 1 35 1 37 1 39 1 41 1 42 1 43 1 44 1 45 2 46 2 47 2 48 2 49 2 50 2 51 2 53 2 54 2 55 2 
208 1 8 45 2 46 2 47 2 48 2 49 2 50 2 51 2 52 2 
209 1 8 45 2 46 2 47 2 48 2 49 2 50 2 51 2 52 2 
210 1 8 45 2 46 2 47 2 48 2 49 2 50 2 51 2 52 2 
211 1 8 45 2 46 2 47 2 48 2 49 2 50 2 51 2 52 2 
212 1 8 45 2 46 2 47 2 48 2 49 2 50 2 51 2 52 2 
213 1 8 45 2 46 2 47 2 48 2 49 2 50 2 51 2 52 2 
214 1 8 45 2 46 2 47 2 48 2 49 2 50 2 51 2 52 2 
215 1 8 45 2 46 2 47 2 48 2 49 2 50 2 51 2 52 2 
216 1 8 45 2 46 2 47 2 48 2 49 2 50 2 51 2 52 2 
217 1 8 45 2 46 2 47 2 48 2 49 2 50 2 51 2 52 2 
218 1 8 45 2 46 2 47 2 48 2 49 2 50 2 51 2 52 2 
219 1 8 45 2 46 2 47 2 48 2 49 2 50 2 51 2 52 2 
220 1 8 45 2 46 2 47 2 48 2 49 2 50 2 51 2 52 2 
221 1 8 45 2 46 2 47 2 48 2 49 2 50 2 51 2 52 2 
222 1 8 45 2 46 2 47 2 48 2 49 2 50 2 51 2 52 2 
223 1 8 45 2 46 2 47 2 48 2 49 2 50 2 51 2 52 2 
224 1 8 45 2 46 2 47 2 48 2 49 2 50 2 51 2 52 2 
225 1 8 45 2 46 2 47 2 48 2 49 2 50 2 51 2 52 2 
226 1 8 45 2 46 2 47 2 48 2 49 2 50 2 51 2 52 2 
227 4 44 0 1 1 1 2 1 3 1 4 1 5 1 7 1 8 1 9 1 10 1 13 1 14 1 15 1 16 1 17 1 18 1 19 1 20 1 21 1 22 1 24 1 26 1 28 2 29 1 30 1 32 2 33 1 35 1 37 1 39 1 41 1 42 1 43 1 44 1 45 2 46 2 47 2 48 2 49 2 50 2 51 2 53 2 54 2 55 2 
228 1 8 45 2 46 2 47 2 48 2 49 2 50 2 51 2 52 2 
229 2 8 45 2 46 2 47 2 48 2 49 2 50 2 51 2 52 2 
230 2 8 45 2 46 2 47 2 48 2 49 2 50 2 51 2 52 2 
231 2 8 45 2 46 2 47 2 48 2 49 2 50 2 51 2 52 2 
232 2 8 45 2 46 2 47 2 48 2 49 2 50 2 51 2 52 2 
233 2 16 3 1 9 1 12 1 18 2 19 1 28 1 35 2 37 1 44 1 47 2 48 2 49 2 50 2 51 2 53 2 55 2 
234 2 8 45 2 46 2 47 2 48 2 49 2 50 2 51 2 52 2 
235 2 8 45 2 46 2 47 2 48 2 49 2 50 2 51 2 52 2 
236 2 8 45 2 46 2 47 2 48 2 49 2 50 2 51 2 52 2 
237 2 8 45 2 46 2 47 2 48 2 49 2 50 2 51 2 52 2 
238 2 8 45 2 46 2 47 2 48 2 49 2 50 2 51 2 52 2 
239 2 8 45 2 46 2 47 2 48 2 49 2 50 2 51 2 52 2 
240 2 8 45 2 46 2 47 2 48 2 49 2 50 2 51 2 52 2 
241 2 8 45 2 46 2 47 2 48 2 49 2 50 2 51 2 52 2 
242 2 8 45 2 46 2 47 2 48 2 49 2 50 2 51 2 52 2 
243 2 8 45 2 46 2 47 2 48 2 49 2 50 2 51 2 52 2 
244 2 8 45 2 46 2 47 2 48 2 49 2 50 2 51 2 52 2 
245 2 16 3 1 9 1 12 1 18 2 19 1 28 1 35 2 37 1 44 1 47 2 48 2 49 2 50 2 51 2 53 2 55 2 
246 2 8 45 2 46 2 47 2 48 2 49 2 50 2 51 2 52 2 
247 2 8 45 2 46 2 47 2 48 2 49 2 50 2 51 2 52 2 
248 2 8 45 2 46 2 47 2 48 2 49 2 50 2 51 2 52 2 
249 2 8 45 2 46 2 47 2 48 2 49 2 50 2 51 2 52 2 
250 2 8 45 2 46 2 47 2 48 2 49 2 50 2 51 2 52 2 
251 2 4 23 2 25 1 29 1 44 1 
252 2 2 1 2 3 2 
253 2 2 1 2 3 2 
254 3 6 6 2 20 2 32 2 39 2 61 2 62 2 
255 3 6 6 2 20 2 32 2 39 2 61 2 62 2 
256 3 8 0 1 4 2 6 2 23 2 38 2 61 2 62 2 63 2 
257 2 1 6 2 
258 2 4 6 2 23 2 29 2 63 2 
259 3 3 13 2 18 2 25 2 
260 3 3 13 2 18 2 25 2 
261 3 3 13 2 18 2 25 2 
262 3 3 13 2 18 2 25 2 
263 3 3 13 2 18 2 25 2 
264 3 3 13 2 18 2 25 2 
265 3 3 13 2 18 2 25 2 
266 2 6 40 2 41 2 43 2 56 2 64 2 65 2 
267 2 6 40 2 41 2 43 2 56 2 64 2 65 2 
268 2 6 40 2 41 2 43 2 56 2 64 2 65 2 
269 2 6 40 2 41 2 43 2 56 2 64 2 65 2 
270 2 6 40 2 41 2 43 2 56 2 64 2 65 2 
271 2 1 43 2 
272 2 1 67 2 
273 3 4 0 2 7 2 33 2 69 2 
274 3 4 0 2 7 2 33 2 69 2 
275 3 4 0 2 7 2 33 2 69 2 
276 3 4 0 2 7 2 33 2 69 2 
277 3 4 0 2 7 2 33 2 69 2 
278 2 2 33 2 69 2 
279 2 3 0 2 66 2 69 2 
280 3 9 1 2 2 2 19 2 34 2 42 2 58 2 70 2 71 2 72 2 
281 2 2 70 2 71 2 
282 2 2 42 2 70 2 
283 3 4 15 2 26 2 30 2 56 2 
284 3 4 15 2 26 2 30 2 56 2 
285 3 4 15 2 26 2 30 2 56 2 
286 3 4 15 2 26 2 30 2 56 2 
287 3 1 30 2 
288 3 2 26 2 30 2 
289 3 2 26 2 30 2 
290 3 1 30 2 
291 3 3 41 2 43 2 65 2 
292 2 6 1 2 3 2 36 2 42 2 59 2 72 2 
293 3 4 15 2 78 2 79 2 80 2 
294 3 4 15 2 78 2 79 2 80 2 
295 3 4 15 2 78 2 79 2 80 2 
296 3 4 15 2 78 2 79 2 80 2 
297 2 1 94 2 
298 3 1 81 2 
299 2 3 16 2 20 2 22 2 
300 2 3 16 2 20 2 22 2 
301 2 6 0 2 10 2 14 2 69 2 77 2 82 2 
302 2 6 0 2 10 2 14 2 69 2 77 2 82 2 
303 2 6 0 2 10 2 14 2 69 2 77 2 82 2 
304 2 6 0 2 10 2 14 2 69 2 77 2 82 2 
305 2 6 0 2 10 2 14 2 69 2 77 2 82 2 
306 2 6 0 2 10 2 14 2 69 2 77 2 82 2 
307 2 3 5 2 62 2 79 2 
308 2 3 5 2 62 2 79 2 
309 2 3 5 2 62 2 79 2 
310 2 4 4 2 14 2 23 2 82 2 
311 2 4 4 2 14 2 23 2 82 2 
312 2 4 4 2 14 2 23 2 82 2 
313 2 4 4 2 14 2 23 2 82 2 
314 2 4 9 2 17 2 18 2 54 2 
315 2 4 9 2 17 2 18 2 54 2 
316 2 4 9 2 17 2 18 2 54 2 
317 2 4 9 2 17 2 18 2 54 2 
318 2 2 17 2 35 2 
319 2 2 17 2 35 2 
320 2 1 25 2 
321 2 1 13 2 
322 2 2 21 2 75 2 
323 2 2 21 2 75 2 
324 2 2 74 2 76 2 
325 2 2 23 2 62 2 
326 2 2 29 2 33 2 
327 2 1 34 2 
328 3 1 57 2 
329 3 7 21 2 50 2 53 2 57 2 74 2 75 2 76 2 
330 3 1 57 2 
331 3 1 38 2 
332 3 1 38 2 
333 3 2 6 2 62 2 
334 3 2 6 2 62 2 
335 3 2 67 2 84 2 
336 3 2 67 2 84 2 
337 2 2 84 2 87 2 
338 3 2 29 2 38 2 
339 3 1 38 2 
340 2 2 7 2 39 2 
341 3 5 11 2 14 2 78 2 80 2 88 2 
342 2 3 11 2 78 2 88 2 
343 2 1 11 2 
344 2 3 2 2 10 2 54 2 
345 2 3 2 2 10 2 54 2 
346 2 1 42 2 
347 2 2 29 2 33 2 
348 2 2 66 2 86 2 
349 2 1 66 2 
350 2 1 59 2 
351 3 1 9 2 
352 3 1 83 2 
353 2 2 32 2 44 2 
354 3 1 63 2 
355 2 3 12 2 18 2 28 2 
356 3 5 9 2 13 2 17 2 35 2 85 2 
357 3 5 9 2 13 2 17 2 35 2 85 2 
358 3 5 9 2 13 2 17 2 35 2 85 2 
359 3 5 9 2 13 2 17 2 35 2 85 2 
360 2 2 22 2 81 2 
361 3 2 22 2 81 2 
362 2 4 29 2 33 2 38 2 39 2 
363 2 4 29 2 33 2 38 2 39 2 
364 2 4 29 2 33 2 38 2 39 2 
365 2 4 29 2 33 2 38 2 39 2 
366 3 1 17 2 
367 3 1 17 2 
368 2 2 9 2 12 2 
369 2 2 67 2 87 2 
370 2 2 59 2 80 2 
371 3 2 73 2 74 2 
372 2 1 89 2 
373 2 1 80 2 
374 2 2 16 2 36 2 
375 2 3 76 2 79 2 95 2 
376 2 1 26 2 
377 3 7 8 2 26 2 27 2 31 2 40 2 45 2 86 2 
378 3 1 45 2 
379 3 1 45 2 
380 3 1 45 2 
381 3 1 45 2 
382 3 4 5 2 16 2 24 2 82 2 
383 3 4 5 2 16 2 24 2 82 2 
384 3 3 65 2 90 2 92 2 
385 2 1 65 2 
386 3 2 64 2 91 2 
387 3 2 40 2 83 2 
388 2 5 8 2 30 2 41 2 86 2 91 2 
389 2 5 8 2 30 2 41 2 86 2 91 2 
390 2 5 8 2 30 2 41 2 86 2 91 2 
391 2 5 8 2 30 2 41 2 86 2 91 2 
392 2 2 56 2 66 2 
393 2 1 41 2 
394 3 1 58 2 
395 3 1 85 2 
396 2 1 27 2 
397 2 1 60 2 
398 2 1 60 2 
399 3 1 52 2 
400 3 1 52 2 
401 3 3 19 2 52 2 71 2 
402 2 2 16 2 36 2 
403 2 1 36 2 
404 2 1 36 2 
405 2 2 36 2 82 2 
406 3 1 68 2 
407 2 2 37 2 59 2 
408 2 1 37 2 
409 3 1 62 2 
410 3 2 20 1 39 2 
411 3 1 61 2 
412 3 2 11 2 24 2 
413 3 1 63 2 
414 2 5 9 2 10 2 13 2 22 2 54 2 
415 3 2 22 2 35 2 
416 3 2 10 2 31 2 
417 2 2 1 2 72 2 
418 3 2 12 2 60 2 
419 3 2 12 2 60 2 
420 3 1 2 2 
421 3 1 2 2 
422 3 1 2 2 
423 3 2 5 2 21 2 
424 3 1 89 2 
425 3 1 75 2 
426 3 1 15 2 
427 2 5 18 2 45 2 65 2 80 2 91 2 
428 3 3 5 2 57 2 74 2 
429 3 2 45 2 57 2 
430 3 2 45 2 57 2 
431 3 2 79 2 82 2 
432 2 3 14 2 78 2 88 2 
433 3 1 24 2 
434 2 4 8 2 24 2 29 2 31 2 
435 2 2 29 2 41 2 
436 3 1 67 2 
437 3 2 8 2 31 2 
438 3 1 67 2 
439 2 4 26 2 27 2 31 2 91 2 
440 2 3 32 2 40 2 83 2 
441 2 1 16 2 
442 2 2 42 2 72 2 
443 2 1 34 2 
444 3 2 10 2 22 2 
445 3 2 10 2 22 2 
446 2 1 1 2 
447 2 1 1 2 
448 2 1 18 2 
449 2 1 13 2 
450 3 2 28 2 85 2 
451 3 2 28 2 85 2 
452 3 7 7 2 20 2 23 2 32 2 39 2 61 2 62 2 
453 3 7 7 2 20 2 23 2 32 2 39 2 61 2 62 2 
454 3 7 7 2 20 2 23 2 32 2 39 2 61 2 62 2 
455 3 7 7 2 20 2 23 2 32 2 39 2 61 2 62 2 
456 3 7 7 2 20 2 23 2 32 2 39 2 61 2 62 2 
457 3 7 7 2 20 2 23 2 32 2 39 2 61 2 62 2 
458 3 1 78 2 
459 3 1 76 2 
460 3 1 14 2 
461 3 1 66 2 
462 1 8 45 2 46 2 47 2 48 2 49 2 50 2 51 2 52 2 
463 4 44 0 1 1 1 2 1 3 1 4 1 5 1 7 1 8 1 9 1 10 1 13 1 14 1 15 1 16 1 17 1 18 1 19 1 20 1 21 1 22 1 24 1 26 1 28 2 29 1 30 1 32 2 33 1 35 1 37 1 39 1 41 1 42 1 43 1 44 1 45 2 46 2 47 2 48 2 49 2 50 2 51 2 53 2 54 2 55 2 
464 3 6 6 2 20 2 32 2 39 2 61 2 62 2 
8148
0 12
0 17
0 23
0 35
0 36
0 47
0 75
0 106
0 111
0 120
0 128
0 152
0 168
0 184
0 212
0 215
0 258
0 271
0 314
0 315
0 316
0 317
0 341
0 343
0 344
0 345
0 347
0 353
0 369
0 371
0 380
0 381
0 386
0 387
0 389
0 398
0 401
0 438
0 449
1 15
1 68
1 94
1 105
1 114
1 126
1 136
1 158
1 167
1 171
1 173
1 186
1 188
1 189
1 196
1 208
1 209
1 216
1 228
1 229
1 236
1 242
1 248
1 257
1 258
1 295
1 311
1 327
1 330
1 331
1 334
1 335
1 341
1 343
1 350
1 355
1 361
1 370
1 372
1 374
1 408
1 429
1 438
1 462
2 7
2 26
2 30
2 57
2 70
2 74
2 78
2 85
2 88
2 98
2 112
2 116
2 132
2 141
2 157
2 165
2 172
2 176
2 187
2 199
2 213
2 214
2 217
2 233
2 245
2 261
2 277
2 282
2 298
2 308
2 333
2 342
2 352
2 359
2 393
2 403
2 409
2 414
2 418
2 419
2 423
2 425
2 437
2 443
2 444
2 445
2 446
2 450
2 451
3 16
3 19
3 42
3 45
3 49
3 51
3 61
3 63
3 72
3 80
3 82
3 96
3 99
3 117
3 135
3 145
3 146
3 153
3 156
3 159
3 193
3 194
3 219
3 221
3 272
3 292
3 293
3 294
3 296
3 322
3 325
3 340
3 348
3 364
3 365
3 373
3 397
3 441
3 442
3 458
4 21
4 31
4 37
4 48
4 58
4 81
4 133
4 140
4 154
4 180
4 185
4 222
4 226
4 264
4 268
4 269
4 270
4 274
4 310
4 312
4 313
4 321
4 349
4 384
4 385
4 396
4 409
4 411
4 426
4 428
4 434
4 435
4 449
4 456
4 457
5 12
5 17
5 23
5 35
5 36
5 47
5 77
5 128
5 168
5 224
5 258
5 271
5 314
5 315
5 316
5 317
5 341
5 343
5 344
5 345
5 347
5 353
5 369
5 371
5 380
5 381
5 386
5 387
5 389
5 398
5 401
5 438
5 449
6 21
6 31
6 37
6 48
6 73
6 91
6 97
6 100
6 101
6 102
6 109
6 139
6 180
6 264
6 268
6 269
6 270
6 274
6 310
6 312
6 313
6 321
6 349
6 384
6 385
6 396
6 409
6 411
6 426
6 428
6 434
6 435
6 449
6 456
6 457
7 26
7 30
7 57
7 70
7 74
7 78
7 85
7 88
7 98
7 112
7 116
7 132
7 141
7 157
7 165
7 172
7 176
7 187
7 199
7 213
7 214
7 217
7 233
7 245
7 261
7 277
7 282
7 298
7 308
7 333
7 342
7 352
7 359
7 393
7 403
7 409
7 414
7 418
7 419
7 423
7 425
7 437
7 443
7 444
7 445
7 446
7 450
7 451
8 22
8 54
8 66
8 87
8 108
8 118
8 170
8 175
8 179
8 181
8 210
8 227
8 258
8 262
8 266
8 301
8 302
8 304
8 306
8 338
8 354
8 359
8 391
8 402
8 406
8 418
8 423
8 440
8 444
8 463
9 11
9 39
9 56
9 59
9 71
9 103
9 104
9 110
9 119
9 121
9 129
9 160
9 177
9 178
9 220
9 230
9 239
9 244
9 250
9 252
9 253
9 256
9 280
9 283
9 284
9 287
9 297
9 309
9 343
9 358
9 360
9 366
9 371
9 382
9 383
9 395
10 29
10 38
10 40
10 50
10 60
10 67
10 69
10 76
10 79
10 86
10 92
10 122
10 125
10 131
10 134
10 138
10 142
10 150
10 151
10 162
10 163
10 198
10 206
10 211
10 260
10 265
10 275
10 289
10 290
10 299
10 300
10 303
10 305
10 329
10 346
10 351
10 368
10 376
10 394
10 399
10 405
10 407
10 412
10 415
10 424
10 439
10 448
10 452
10 454
10 460
11 39
11 56
11 59
11 71
11 103
11 104
11 110
11 119
11 121
11 129
11 160
11 177
11 178
11 220
11 230
11 239
11 244
11 250
11 252
11 253
11 256
11 280
11 283
11 284
11 287
11 297
11 309
11 343
11 358
11 360
11 366
11 371
11 382
11 383
11 395
12 17
12 23
12 47
12 75
12 77
12 106
12 111
12 120
12 128
12 152
12 168
12 184
12 212
12 215
12 224
12 231
12 234
12 243
12 247
12 258
12 271
12 314
12 315
12 316
12 317
12 320
12 341
12 343
12 344
12 345
12 347
12 353
12 369
12 371
12 380
12 381
12 386
12 387
12 389
12 398
12 401
12 449
14 20
14 22
14 54
14 55
14 66
14 83
14 84
14 87
14 93
14 108
14 118
14 144
14 170
14 175
14 179
14 181
14 183
14 200
14 202
14 210
14 225
14 227
14 255
14 258
14 263
14 266
14 267
14 276
14 301
14 302
14 304
14 306
14 338
14 356
14 367
14 388
14 391
14 392
14 402
14 410
14 416
14 431
14 440
14 463
14 464
15 114
15 136
15 167
15 171
15 186
15 196
15 208
15 209
15 216
15 228
15 229
15 236
15 242
15 248
15 257
15 258
15 295
15 311
15 327
15 330
15 334
15 335
15 341
15 343
15 350
15 361
15 374
15 408
15 429
15 438
15 462
16 19
16 42
16 45
16 49
16 51
16 61
16 63
16 72
16 80
16 82
16 96
16 99
16 117
16 135
16 145
16 146
16 153
16 156
16 159
16 193
16 194
16 219
16 221
16 237
16 238
16 240
16 246
16 272
16 281
16 292
16 293
16 294
16 296
16 322
16 340
16 343
16 348
16 364
16 365
16 373
16 397
16 441
16 442
16 458
17 23
17 47
17 75
17 77
17 106
17 111
17 120
17 128
17 152
17 168
17 184
17 212
17 215
17 224
17 231
17 234
17 243
17 247
17 258
17 271
17 314
17 315
17 316
17 317
17 320
17 341
17 343
17 344
17 345
17 347
17 353
17 369
17 371
17 380
17 381
17 386
17 387
17 389
17 398
17 401
17 449
18 25
18 28
18 53
18 89
18 123
18 143
18 148
18 166
18 174
18 192
18 203
18 207
18 223
18 259
18 273
18 278
18 307
18 318
18 319
18 332
18 354
18 375
18 390
18 400
18 413
18 417
18 432
18 436
18 447
18 453
18 459
19 45
19 49
19 51
19 61
19 63
19 72
19 135
19 145
19 146
19 159
19 193
19 194
19 219
19 237
19 238
19 240
19 246
19 281
19 293
19 294
19 322
19 343
19 348
19 364
19 365
19 373
19 397
19 441
19 458
20 22
20 54
20 55
20 66
20 83
20 84
20 87
20 93
20 108
20 118
20 144
20 170
20 175
20 179
20 181
20 183
20 200
20 202
20 210
20 225
20 227
20 255
20 258
20 263
20 266
20 267
20 276
20 301
20 302
20 304
20 306
20 338
20 356
20 367
20 388
20 391
20 392
20 402
20 410
20 416
20 431
20 440
20 463
20 464
21 31
21 37
21 48
21 58
21 73
21 81
21 91
21 97
21 100
21 101
21 102
21 109
21 133
21 139
21 140
21 154
21 180
21 185
21 222
21 226
21 264
21 268
21 269
21 270
21 274
21 310
21 312
21 313
21 321
21 349
21 384
21 385
21 396
21 409
21 411
21 426
21 428
21 434
21 435
21 449
21 456
21 457
22 54
22 66
22 87
22 108
22 118
22 170
22 175
22 179
22 181
22 210
22 227
22 255
22 258
22 262
22 263
22 266
22 276
22 301
22 302
22 304
22 306
22 338
22 354
22 356
22 359
22 367
22 391
22 402
22 406
22 410
22 416
22 418
22 423
22 431
22 440
22 444
22 463
22 464
23 106
23 128
23 168
23 184
23 212
23 215
23 224
23 231
23 234
23 243
23 247
23 258
23 314
23 315
23 316
23 317
23 320
23 343
23 344
23 347
23 369
23 371
23 380
23 381
23 386
23 387
23 398
23 401
23 449
24 33
24 34
24 41
24 52
24 62
24 64
24 90
24 95
24 107
24 115
24 130
24 137
24 147
24 149
24 161
24 182
24 190
24 191
24 197
24 201
24 204
24 205
24 218
24 232
24 235
24 241
24 249
24 254
24 280
24 291
24 323
24 326
24 328
24 336
24 337
24 339
24 343
24 357
24 362
24 363
24 378
24 379
24 383
24 395
24 430
24 433
25 28
25 53
25 89
25 123
25 143
25 148
25 166
25 174
25 192
25 203
25 207
25 223
25 259
25 273
25 278
25 307
25 318
25 319
25 332
25 354
25 375
25 390
25 400
25 413
25 417
25 432
25 436
25 447
25 453
25 459
26 30
26 46
26 70
26 74
26 85
26 98
26 112
26 141
26 165
26 172
26 176
26 187
26 199
26 214
26 245
26 251
26 261
26 277
26 282
26 308
26 324
26 333
26 352
26 384
26 393
26 414
26 419
26 422
26 425
26 437
26 443
26 445
26 446
26 451
28 53
28 89
28 123
28 143
28 148
28 166
28 174
28 192
28 203
28 207
28 223
28 259
28 273
28 278
28 307
28 318
28 319
28 332
28 354
28 375
28 390
28 400
28 413
28 417
28 432
28 436
28 447
28 453
28 459
29 38
29 50
29 60
29 67
29 79
29 86
29 125
29 138
29 142
29 151
29 163
29 198
29 206
29 211
29 260
29 265
29 275
29 289
29 290
29 299
29 300
29 303
29 305
29 346
29 368
29 376
29 394
29 399
29 407
29 412
29 424
29 439
29 448
29 452
29 460
30 57
30 70
30 74
30 78
30 85
30 88
30 98
30 112
30 116
30 132
30 141
30 157
30 165
30 172
30 176
30 187
30 199
30 213
30 214
30 217
30 233
30 245
30 261
30 277
30 282
30 298
30 308
30 333
30 342
30 352
30 359
30 393
30 403
30 409
30 414
30 418
30 419
30 423
30 425
30 437
30 443
30 444
30 445
30 446
30 450
30 451
31 37
31 48
31 58
31 73
31 81
31 91
31 97
31 100
31 101
31 102
31 109
31 133
31 139
31 140
31 154
31 180
31 185
31 222
31 226
31 264
31 268
31 269
31 270
31 274
31 279
31 310
31 312
31 313
31 349
31 385
31 396
31 411
31 426
31 434
31 435
31 449
31 456
31 457
32 43
32 44
32 53
32 65
32 113
32 124
32 127
32 155
32 164
32 169
32 192
32 195
32 207
32 259
32 262
32 273
32 307
32 318
32 319
32 332
32 368
32 377
32 400
32 413
32 427
32 436
32 447
32 455
32 459
33 34
33 41
33 52
33 62
33 64
33 90
33 95
33 107
33 115
33 130
33 137
33 147
33 149
33 161
33 182
33 190
33 191
33 197
33 201
33 204
33 205
33 218
33 232
33 235
33 241
33 249
33 254
33 280
33 291
33 323
33 326
33 328
33 336
33 337
33 339
33 343
33 357
33 362
33 363
33 378
33 379
33 383
33 395
33 430
33 433
34 41
34 52
34 62
34 64
34 90
34 95
34 107
34 115
34 130
34 137
34 147
34 149
34 161
34 182
34 190
34 191
34 197
34 201
34 204
34 205
34 218
34 232
34 235
34 241
34 249
34 254
34 280
34 291
34 323
34 326
34 328
34 336
34 337
34 339
34 343
34 357
34 362
34 363
34 378
34 379
34 383
34 395
34 430
34 433
35 47
35 75
35 77
35 111
35 120
35 128
35 152
35 168
35 231
35 234
35 243
35 247
35 258
35 271
35 314
35 315
35 316
35 317
35 341
35 343
35 345
35 353
35 369
35 380
35 389
35 438
36 47
36 75
36 77
36 111
36 120
36 128
36 152
36 168
36 231
36 234
36 243
36 247
36 258
36 271
36 314
36 315
36 316
36 317
36 341
36 343
36 345
36 353
36 369
36 381
36 389
36 438
37 48
37 58
37 73
37 81
37 91
37 97
37 100
37 101
37 102
37 109
37 133
37 139
37 140
37 154
37 180
37 185
37 222
37 226
37 264
37 268
37 269
37 270
37 274
37 310
37 312
37 313
37 321
37 349
37 384
37 385
37 396
37 409
37 411
37 426
37 428
37 434
37 435
37 449
37 456
37 457
38 40
38 50
38 60
38 67
38 69
38 76
38 79
38 86
38 92
38 122
38 125
38 131
38 134
38 138
38 142
38 150
38 151
38 162
38 163
38 198
38 206
38 211
38 260
38 265
38 275
38 289
38 290
38 299
38 300
38 303
38 305
38 329
38 346
38 351
38 368
38 376
38 394
38 399
38 405
38 407
38 412
38 415
38 424
38 439
38 448
38 452
38 454
38 460
39 59
39 110
39 121
39 160
39 177
39 178
39 220
39 230
39 239
39 244
39 250
39 252
39 253
39 256
39 280
39 283
39 284
39 287
39 297
39 309
39 343
39 358
39 360
39 366
39 371
39 382
39 383
40 50
40 69
40 76
40 92
40 122
40 131
40 134
40 150
40 151
40 162
40 163
40 206
40 211
40 260
40 265
40 275
40 288
40 289
40 303
40 305
40 329
40 346
40 351
40 394
40 399
40 405
40 406
40 407
40 412
40 415
40 424
40 448
40 454
41 52
41 64
41 90
41 115
41 137
41 147
41 161
41 191
41 201
41 204
41 205
41 218
41 232
41 235
41 241
41 249
41 254
41 280
41 291
41 323
41 326
41 328
41 336
41 337
41 339
41 343
41 357
41 362
41 363
41 378
41 379
41 383
41 395
41 430
41 433
42 49
42 51
42 80
42 82
42 96
42 99
42 117
42 153
42 156
42 159
42 193
42 221
42 237
42 238
42 240
42 246
42 272
42 292
42 296
42 322
42 325
42 340
42 348
42 364
42 365
42 442
43 44
43 53
43 65
43 113
43 124
43 127
43 155
43 164
43 169
43 192
43 195
43 207
43 259
43 262
43 273
43 307
43 318
43 319
43 332
43 368
43 377
43 400
43 413
43 427
43 436
43 447
43 455
43 459
44 53
44 65
44 113
44 124
44 127
44 155
44 164
44 169
44 192
44 195
44 207
44 259
44 262
44 273
44 307
44 318
44 319
44 332
44 368
44 377
44 400
44 413
44 427
44 436
44 447
44 455
44 459
45 49
45 51
45 61
45 63
45 72
45 135
45 145
45 146
45 159
45 193
45 194
45 219
45 237
45 238
45 240
45 246
45 281
45 293
45 294
45 322
45 343
45 348
45 364
45 365
45 373
45 397
45 441
45 458
46 70
46 74
46 98
46 112
46 141
46 165
46 172
46 176
46 187
46 199
46 214
46 245
46 251
46 261
46 277
46 308
46 324
46 333
46 384
46 393
46 419
46 422
46 425
46 437
46 443
46 445
46 446
46 451
47 75
47 77
47 111
47 120
47 128
47 152
47 168
47 231
47 234
47 243
47 247
47 258
47 271
47 314
47 315
47 316
47 317
47 341
47 343
47 345
47 353
47 369
47 371
47 380
47 381
47 387
47 389
47 438
47 449
48 73
48 91
48 100
48 101
48 133
48 140
48 180
48 185
48 222
48 264
48 268
48 274
48 279
48 310
48 312
48 313
48 349
48 385
48 396
48 411
48 426
48 434
48 449
48 457
49 63
49 72
49 117
49 135
49 146
49 153
49 156
49 159
49 193
49 221
49 237
49 238
49 240
49 246
49 272
49 281
49 292
49 293
49 294
49 296
49 322
49 325
49 340
49 343
49 348
49 364
49 365
49 373
49 397
49 441
49 442
49 458
50 60
50 67
50 69
50 76
50 79
50 86
50 92
50 122
50 125
50 131
50 134
50 138
50 142
50 150
50 151
50 162
50 163
50 198
50 206
50 211
50 260
50 265
50 275
50 289
50 303
50 305
50 329
50 346
50 351
50 368
50 376
50 394
50 399
50 405
50 407
50 412
50 415
50 424
50 439
50 448
50 452
50 454
50 460
51 61
51 80
51 82
51 96
51 99
51 145
51 159
51 193
51 194
51 219
51 237
51 238
51 240
51 246
51 272
51 281
51 292
51 293
51 294
51 296
51 322
51 325
51 340
51 343
51 348
51 364
51 365
51 373
51 397
51 441
51 442
51 458
52 62
52 64
52 90
52 95
52 107
52 115
52 130
52 137
52 147
52 149
52 161
52 182
52 190
52 191
52 197
52 201
52 204
52 205
52 218
52 232
52 235
52 241
52 249
52 254
52 280
52 291
52 323
52 326
52 328
52 336
52 337
52 339
52 343
52 357
52 362
52 363
52 378
52 379
52 383
52 395
52 430
52 433
53 65
53 89
53 113
53 123
53 124
53 127
53 143
53 148
53 155
53 164
53 166
53 169
53 174
53 192
53 195
53 203
53 207
53 223
53 259
53 273
53 278
53 307
53 318
53 319
53 332
53 354
53 368
53 375
53 377
53 390
53 400
53 413
53 417
53 427
53 432
53 436
53 447
53 453
53 455
53 459
54 66
54 87
54 108
54 118
54 170
54 175
54 179
54 181
54 210
54 227
54 255
54 258
54 262
54 263
54 266
54 276
54 301
54 302
54 304
54 306
54 338
54 354
54 356
54 359
54 367
54 391
54 402
54 406
54 410
54 416
54 418
54 423
54 431
54 440
54 444
54 463
54 464
55 83
55 84
55 93
55 108
55 144
55 183
55 200
55 202
55 225
55 227
55 255
55 258
55 263
55 267
55 276
55 301
55 302
55 304
55 306
55 338
55 356
55 367
55 388
55 392
55 410
55 416
55 431
55 463
55 464
56 103
56 110
56 121
56 252
56 253
56 256
56 283
56 284
56 285
56 286
56 309
56 358
56 366
56 371
56 382
56 395
57 74
57 85
57 112
57 116
57 157
57 213
57 214
57 233
57 261
57 277
57 282
57 298
57 308
57 333
57 342
57 352
57 359
57 393
57 403
57 409
57 414
57 418
57 419
57 423
57 425
57 437
57 444
57 445
57 446
57 450
58 81
58 154
58 180
58 226
58 264
58 269
58 270
58 274
58 310
58 312
58 313
58 321
58 349
58 384
58 385
58 396
58 409
58 411
58 426
58 428
58 435
58 449
58 456
59 110
59 121
59 160
59 178
59 220
59 252
59 253
59 256
59 280
59 283
59 284
59 287
59 297
59 309
59 343
59 358
59 360
59 366
59 371
59 382
59 383
60 79
60 138
60 142
60 151
60 163
60 211
60 260
60 265
60 275
60 289
60 290
60 299
60 300
60 303
60 305
60 346
60 368
60 376
60 394
60 399
60 407
60 412
60 424
60 439
60 448
60 452
60 460
61 145
61 159
61 193
61 194
61 219
61 281
61 293
61 294
61 322
61 343
61 348
61 364
61 365
61 373
61 397
61 441
61 458
62 95
62 107
62 161
62 191
62 197
62 205
62 254
62 291
62 323
62 328
62 336
62 337
62 339
62 357
62 362
62 363
62 378
62 379
62 433
63 72
63 135
63 146
63 159
63 193
63 281
63 293
63 294
63 322
63 343
63 348
63 364
63 365
63 373
63 397
63 441
63 458
64 90
64 137
64 161
64 191
64 204
64 205
64 254
64 280
64 291
64 323
64 326
64 336
64 337
64 339
64 343
64 357
64 362
64 363
64 378
64 383
64 395
64 430
64 433
65 124
65 155
65 192
65 195
65 207
65 259
65 262
65 273
65 307
65 318
65 319
65 332
65 368
65 377
65 400
65 413
65 427
65 436
65 447
65 455
65 459
66 87
66 108
66 118
66 170
66 227
66 255
66 258
66 262
66 263
66 266
66 276
66 301
66 302
66 304
66 306
66 338
66 354
66 356
66 359
66 367
66 391
66 402
66 406
66 410
66 416
66 418
66 423
66 431
66 440
66 444
66 463
66 464
67 86
67 125
67 151
67 163
67 198
67 206
67 211
67 260
67 265
67 275
67 289
67 290
67 299
67 300
67 303
67 305
67 346
67 368
67 376
67 394
67 399
67 407
67 412
67 424
67 439
67 448
67 452
67 460
68 158
68 167
68 188
68 189
68 196
68 258
68 311
68 331
68 334
68 335
68 343
68 355
68 361
68 370
68 372
68 404
68 408
68 429
69 76
69 131
69 150
69 151
69 163
69 206
69 211
69 260
69 265
69 275
69 288
69 289
69 303
69 305
69 329
69 346
69 351
69 394
69 399
69 405
69 406
69 407
69 412
69 415
69 424
69 448
69 454
70 74
70 85
70 165
70 172
70 176
70 214
70 245
70 251
70 261
70 277
70 282
70 308
70 324
70 333
70 352
70 384
70 393
70 414
70 419
70 422
70 425
70 437
70 443
70 445
70 446
70 451
71 104
71 110
71 119
71 121
71 129
71 252
71 253
71 256
71 283
71 284
71 285
71 286
71 309
71 343
71 358
71 366
71 371
71 382
71 395
72 135
72 146
72 159
72 193
72 281
72 293
72 294
72 322
72 343
72 348
72 364
72 365
72 373
72 397
72 441
72 458
73 91
73 100
73 101
73 180
73 264
73 268
73 274
73 279
73 310
73 312
73 313
73 349
73 385
73 396
73 411
73 426
73 434
73 449
73 457
74 78
74 85
74 88
74 98
74 116
74 132
74 141
74 157
74 165
74 172
74 176
74 187
74 199
74 213
74 217
74 233
74 245
74 251
74 261
74 277
74 282
74 298
74 308
74 324
74 333
74 342
74 352
74 359
74 384
74 393
74 403
74 409
74 414
74 418
74 419
74 422
74 423
74 425
74 437
74 443
74 444
74 445
74 446
74 450
74 451
75 111
75 120
75 128
75 152
75 168
75 258
75 271
75 314
75 315
75 316
75 317
75 341
75 343
75 345
75 353
75 369
75 371
75 380
75 381
75 387
75 389
75 438
75 449
76 131
76 150
76 151
76 163
76 206
76 211
76 260
76 265
76 275
76 288
76 289
76 303
76 305
76 329
76 346
76 351
76 394
76 399
76 405
76 406
76 407
76 412
76 415
76 424
76 448
76 454
77 128
77 168
77 258
77 271
77 314
77 315
77 316
77 317
77 341
77 343
77 345
77 353
77 369
77 371
77 380
77 381
77 387
77 389
77 438
77 449
78 85
78 88
78 132
78 214
78 217
78 233
78 261
78 277
78 282
78 298
78 308
78 333
78 342
78 352
78 359
78 393
78 403
78 409
78 414
78 418
78 419
78 423
78 425
78 437
78 444
78 445
78 446
78 450
79 138
79 142
79 151
79 163
79 211
79 260
79 265
79 275
79 289
79 290
79 299
79 300
79 303
79 305
79 346
79 368
79 376
79 394
79 399
79 407
79 412
79 424
79 439
79 448
79 452
79 460
80 82
80 96
80 99
80 159
80 193
80 272
80 292
80 296
80 322
80 325
80 340
80 348
80 364
80 365
80 442
81 154
81 180
81 226
81 264
81 269
81 270
81 274
81 310
81 312
81 313
81 321
81 349
81 384
81 385
81 396
81 409
81 411
81 426
81 428
81 435
81 449
81 456
82 96
82 99
82 159
82 193
82 272
82 292
82 296
82 322
82 325
82 340
82 348
82 364
82 365
82 442
83 93
83 108
83 183
83 225
83 227
83 255
83 258
83 263
83 267
83 276
83 301
83 302
83 304
83 306
83 338
83 356
83 367
83 388
83 392
83 410
83 416
83 431
83 463
83 464
84 108
84 144
84 200
84 202
84 227
84 255
84 258
84 263
84 267
84 276
84 301
84 302
84 304
84 306
84 338
84 356
84 367
84 388
84 392
84 410
84 416
84 431
84 463
84 464
85 88
85 98
85 112
85 116
85 132
85 141
85 157
85 165
85 172
85 176
85 187
85 199
85 213
85 214
85 217
85 233
85 245
85 261
85 277
85 282
85 298
85 308
85 333
85 342
85 352
85 359
85 393
85 403
85 409
85 414
85 418
85 419
85 423
85 425
85 437
85 443
85 444
85 445
85 446
85 450
85 451
86 125
86 151
86 163
86 198
86 206
86 211
86 260
86 265
86 275
86 289
86 290
86 299
86 300
86 303
86 305
86 346
86 368
86 376
86 394
86 399
86 407
86 412
86 424
86 439
86 448
86 452
86 460
87 108
87 118
87 170
87 227
87 255
87 258
87 262
87 263
87 266
87 276
87 301
87 302
87 304
87 306
87 338
87 354
87 356
87 359
87 367
87 391
87 402
87 406
87 410
87 416
87 418
87 423
87 431
87 440
87 444
87 463
87 464
88 132
88 214
88 217
88 233
88 261
88 277
88 282
88 298
88 308
88 333
88 342
88 352
88 359
88 393
88 403
88 409
88 414
88 418
88 419
88 423
88 425
88 437
88 444
88 445
88 446
88 450
89 148
89 166
89 192
89 207
89 223
89 259
89 273
89 278
89 307
89 318
89 319
89 332
89 354
89 375
89 390
89 400
89 413
89 417
89 432
89 436
89 447
89 453
89 459
90 137
90 161
90 191
90 204
90 205
90 254
90 280
90 291
90 323
90 326
90 336
90 337
90 339
90 343
90 357
90 362
90 363
90 378
90 383
90 395
90 430
90 433
91 100
91 101
91 180
91 264
91 268
91 274
91 279
91 310
91 312
91 313
91 349
91 385
91 396
91 411
91 426
91 434
91 449
91 457
92 122
92 134
92 151
92 162
92 163
92 211
92 260
92 265
92 275
92 288
92 289
92 303
92 305
92 329
92 346
92 351
92 394
92 399
92 405
92 406
92 407
92 412
92 415
92 424
92 448
92 454
93 108
93 183
93 225
93 227
93 255
93 258
93 263
93 267
93 276
93 301
93 302
93 304
93 306
93 338
93 356
93 367
93 388
93 392
93 410
93 416
93 431
93 463
93 464
94 105
94 126
94 167
94 173
94 196
94 258
94 311
94 330
94 331
94 334
94 335
94 343
94 355
94 361
94 370
94 372
94 404
94 408
95 107
95 161
95 191
95 197
95 205
95 254
95 291
95 323
95 328
95 336
95 337
95 339
95 357
95 362
95 363
95 378
95 379
95 433
96 99
96 159
96 193
96 272
96 292
96 296
96 322
96 325
96 340
96 348
96 364
96 365
96 442
97 102
97 109
97 139
97 180
97 264
97 269
97 270
97 274
97 310
97 312
97 313
97 321
97 349
97 384
97 385
97 396
97 409
97 411
97 426
97 428
97 435
97 449
97 456
98 112
98 141
98 187
98 199
98 214
98 245
98 251
98 261
98 277
98 282
98 308
98 324
98 333
98 352
98 384
98 393
98 414
98 419
98 422
98 425
98 437
98 443
98 445
98 446
98 451
99 159
99 193
99 272
99 292
99 296
99 322
99 325
99 340
99 348
99 364
99 365
99 442
100 101
100 180
100 264
100 268
100 274
100 279
100 310
100 312
100 313
100 349
100 385
100 396
100 411
100 426
100 434
100 449
100 457
101 180
101 264
101 268
101 274
101 279
101 310
101 312
101 313
101 349
101 385
101 396
101 411
101 426
101 434
101 449
101 457
102 109
102 139
102 180
102 264
102 269
102 270
102 274
102 310
102 312
102 313
102 321
102 349
102 384
102 385
102 396
102 409
102 411
102 426
102 428
102 435
102 449
102 456
103 110
103 121
103 252
103 253
103 256
103 283
103 284
103 285
103 286
103 309
103 358
103 366
103 371
103 382
103 395
104 110
104 119
104 121
104 129
104 252
104 253
104 256
104 283
104 284
104 285
104 286
104 309
104 343
104 358
104 366
104 371
104 382
104 395
105 126
105 167
105 173
105 196
105 258
105 311
105 330
105 331
105 334
105 335
105 343
105 355
105 361
105 370
105 372
105 404
105 408
106 128
106 168
106 184
106 212
106 215
106 258
106 314
106 315
106 316
106 317
106 320
106 343
106 344
106 347
106 369
106 371
106 380
106 381
106 386
106 387
106 398
106 401
106 449
107 161
107 191
107 197
107 205
107 254
107 291
107 323
107 328
107 336
107 337
107 339
107 357
107 362
107 363
107 378
107 379
107 433
108 118
108 144
108 170
108 175
108 179
108 181
108 183
108 200
108 202
108 210
108 225
108 227
108 255
108 258
108 262
108 263
108 266
108 267
108 276
108 301
108 302
108 304
108 306
108 338
108 354
108 356
108 359
108 367
108 388
108 391
108 392
108 402
108 406
108 410
108 416
108 418
108 423
108 431
108 440
108 444
108 463
108 464
109 139
109 180
109 264
109 269
109 270
109 274
109 310
109 312
109 313
109 321
109 349
109 384
109 385
109 396
109 409
109 411
109 426
109 428
109 435
109 449
109 456
110 119
110 121
110 129
110 160
110 177
110 178
110 220
110 230
110 239
110 244
110 250
110 252
110 253
110 256
110 280
110 283
110 284
110 285
110 286
110 287
110 297
110 309
110 343
110 358
110 360
110 366
110 371
110 382
110 383
110 395
111 120
111 128
111 152
111 168
111 258
111 271
111 314
111 315
111 316
111 317
111 341
111 343
111 345
111 353
111 369
111 371
111 380
111 381
111 387
111 389
111 438
111 449
112 116
112 141
112 157
112 187
112 199
112 213
112 233
112 245
112 251
112 261
112 277
112 282
112 298
112 308
112 324
112 333
112 342
112 352
112 359
112 384
112 393
112 403
112 409
112 414
112 418
112 419
112 422
112 423
112 425
112 437
112 443
112 444
112 445
112 446
112 450
112 451
113 127
113 164
113 169
113 192
113 207
113 259
113 262
113 273
113 307
113 318
113 319
113 332
113 368
113 377
113 400
113 413
113 427
113 436
113 447
113 455
113 459
114 167
114 171
114 186
114 196
114 228
114 257
114 258
114 295
114 311
114 327
114 334
114 335
114 341
114 343
114 350
114 361
114 374
114 408
114 429
114 438
115 147
115 161
115 191
115 201
115 205
115 218
115 254
115 280
115 291
115 323
115 326
115 328
115 336
115 337
115 339
115 343
115 357
115 362
115 363
115 378
115 379
115 383
115 395
115 433
116 157
116 213
116 214
116 233
116 261
116 277
116 282
116 298
116 308
116 333
116 342
116 352
116 359
116 393
116 403
116 409
116 414
116 418
116 419
116 423
116 425
116 437
116 444
116 445
116 446
116 450
117 153
117 156
117 159
117 193
117 221
117 272
117 292
117 296
117 322
117 325
117 340
117 348
117 364
117 365
117 442
118 170
118 227
118 255
118 258
118 262
118 263
118 266
118 276
118 301
118 302
118 304
118 306
118 338
118 354
118 356
118 359
118 367
118 391
118 402
118 406
118 410
118 416
118 418
118 423
118 431
118 440
118 444
118 463
118 464
119 121
119 129
119 252
119 253
119 256
119 283
119 284
119 285
119 286
119 309
119 343
119 358
119 366
119 371
119 382
119 395
120 128
120 152
120 168
120 258
120 271
120 314
120 315
120 316
120 317
120 341
120 343
120 345
120 353
120 369
120 371
120 380
120 381
120 387
120 389
120 438
120 449
121 129
121 160
121 177
121 178
121 220
121 230
121 239
121 244
121 250
121 252
121 253
121 256
121 280
121 283
121 284
121 285
121 286
121 287
121 297
121 309
121 343
121 358
121 360
121 366
121 371
121 382
121 383
121 395
122 134
122 151
122 162
122 163
122 211
122 260
122 265
122 275
122 288
122 289
122 303
122 305
122 329
122 346
122 351
122 394
122 399
122 405
122 406
122 407
122 412
122 415
122 424
122 448
122 454
123 143
123 174
123 192
123 203
123 207
123 259
123 273
123 278
123 307
123 318
123 319
123 332
123 354
123 375
123 390
123 400
123 413
123 417
123 432
123 436
123 447
123 453
123 459
124 155
124 192
124 195
124 207
124 259
124 262
124 273
124 307
124 318
124 319
124 332
124 368
124 377
124 400
124 413
124 427
124 436
124 447
124 455
124 459
125 151
125 163
125 198
125 206
125 211
125 260
125 265
125 275
125 289
125 290
125 299
125 300
125 303
125 305
125 346
125 368
125 376
125 394
125 399
125 407
125 412
125 424
125 439
125 448
125 452
125 460
126 167
126 173
126 196
126 258
126 311
126 330
126 331
126 334
126 335
126 343
126 355
126 361
126 370
126 372
126 404
126 408
127 164
127 169
127 192
127 207
127 259
127 262
127 273
127 307
127 318
127 319
127 332
127 368
127 377
127 400
127 413
127 427
127 436
127 447
127 455
127 459
128 152
128 168
128 184
128 212
128 215
128 224
128 231
128 234
128 243
128 247
128 258
128 271
128 314
128 315
128 316
128 317
128 320
128 341
128 343
128 344
128 345
128 347
128 353
128 369
128 371
128 380
128 381
128 386
128 387
128 389
128 398
128 401
128 438
128 449
129 252
129 253
129 256
129 283
129 284
129 285
129 286
129 309
129 343
129 358
129 366
129 371
129 382
129 395
130 149
130 161
130 182
130 190
130 191
130 205
130 254
130 291
130 323
130 336
130 337
130 339
130 357
130 362
130 363
130 378
130 430
130 433
131 150
131 151
131 163
131 206
131 211
131 260
131 265
131 275
131 288
131 289
131 303
131 305
131 329
131 346
131 351
131 394
131 399
131 405
131 406
131 407
131 412
131 415
131 424
131 448
131 454
132 214
132 217
132 233
132 261
132 277
132 282
132 298
132 308
132 333
132 342
132 352
132 359
132 393
132 403
132 409
132 414
132 418
132 419
132 423
132 425
132 437
132 444
132 445
132 446
132 450
133 140
133 180
133 185
133 222
133 264
133 268
133 274
133 279
133 310
133 312
133 313
133 349
133 385
133 396
133 411
133 426
133 434
133 449
133 457
134 151
134 162
134 163
134 211
134 260
134 265
134 275
134 288
134 289
134 303
134 305
134 329
134 346
134 351
134 394
134 399
134 405
134 406
134 407
134 412
134 415
134 424
134 448
134 454
135 146
135 159
135 193
135 281
135 293
135 294
135 322
135 343
135 348
135 364
135 365
135 373
135 397
135 441
135 458
136 167
136 196
136 208
136 209
136 216
136 257
136 258
136 295
136 311
136 327
136 330
136 334
136 335
136 341
136 343
136 350
136 361
136 374
136 408
136 438
136 462
137 161
137 191
137 204
137 205
137 254
137 280
137 291
137 323
137 326
137 336
137 337
137 339
137 343
137 357
137 362
137 363
137 378
137 383
137 395
137 430
137 433
138 142
138 151
138 163
138 211
138 260
138 265
138 275
138 289
138 290
138 299
138 300
138 303
138 305
138 346
138 368
138 376
138 394
138 399
138 407
138 412
138 424
138 439
138 448
138 452
138 460
139 180
139 264
139 269
139 270
139 274
139 310
139 312
139 313
139 321
139 349
139 384
139 385
139 396
139 409
139 411
139 426
139 428
139 435
139 449
139 456
140 180
140 185
140 222
140 264
140 268
140 274
140 279
140 310
140 312
140 313
140 349
140 385
140 396
140 411
140 426
140 434
140 449
140 457
141 187
141 199
141 214
141 245
141 251
141 261
141 277
141 282
141 308
141 324
141 333
141 352
141 384
141 393
141 414
141 419
141 422
141 425
141 437
141 443
141 445
141 446
141 451
142 151
142 163
142 211
142 260
142 265
142 275
142 289
142 290
142 299
142 300
142 303
142 305
142 346
142 368
142 376
142 394
142 399
142 407
142 412
142 424
142 439
142 448
142 452
142 460
143 174
143 192
143 203
143 207
143 259
143 273
143 278
143 307
143 318
143 319
143 332
143 354
143 375
143 390
143 400
143 413
143 417
143 432
143 436
143 447
143 453
143 459
144 200
144 202
144 227
144 255
144 258
144 263
144 267
144 276
144 301
144 302
144 304
144 306
144 338
144 356
144 367
144 388
144 392
144 410
144 416
144 431
144 463
144 464
145 159
145 193
145 194
145 219
145 281
145 293
145 294
145 322
145 343
145 348
145 364
145 365
145 373
145 397
145 441
145 458
146 159
146 193
146 281
146 293
146 294
146 322
146 343
146 348
146 364
146 365
146 373
146 397
146 441
146 458
147 161
147 191
147 201
147 205
147 218
147 254
147 280
147 291
147 323
147 326
147 328
147 336
147 337
147 339
147 343
147 357
147 362
147 363
147 378
147 379
147 383
147 395
147 433
148 166
148 192
148 207
148 223
148 259
148 273
148 278
148 307
148 318
148 319
148 332
148 354
148 375
148 390
148 400
148 413
148 417
148 432
148 436
148 447
148 453
148 459
149 161
149 182
149 190
149 191
149 205
149 254
149 291
149 323
149 336
149 337
149 339
149 357
149 362
149 363
149 378
149 430
149 433
150 151
150 163
150 206
150 211
150 260
150 265
150 275
150 288
150 289
150 303
150 305
150 329
150 346
150 351
150 394
150 399
150 405
150 406
150 407
150 412
150 415
150 424
150 448
150 454
151 162
151 163
151 198
151 260
151 265
151 275
151 288
151 289
151 290
151 299
151 300
151 303
151 305
151 329
151 346
151 351
151 368
151 376
151 394
151 399
151 405
151 406
151 407
151 412
151 415
151 424
151 439
151 448
151 452
151 454
151 460
152 168
152 258
152 271
152 314
152 315
152 316
152 317
152 341
152 343
152 345
152 353
152 369
152 371
152 380
152 381
152 387
152 389
152 438
152 449
153 156
153 159
153 193
153 221
153 272
153 292
153 296
153 322
153 325
153 340
153 348
153 364
153 365
153 442
154 180
154 226
154 264
154 269
154 270
154 274
154 310
154 312
154 313
154 321
154 349
154 384
154 385
154 396
154 409
154 411
154 426
154 428
154 435
154 449
154 456
155 192
155 195
155 207
155 259
155 262
155 273
155 307
155 318
155 319
155 332
155 368
155 377
155 400
155 413
155 427
155 436
155 447
155 455
155 459
156 159
156 193
156 221
156 272
156 292
156 296
156 322
156 325
156 340
156 348
156 364
156 365
156 442
157 213
157 214
157 233
157 261
157 277
157 282
157 298
157 308
157 333
157 342
157 352
157 359
157 393
157 403
157 409
157 414
157 418
157 419
157 423
157 425
157 437
157 444
157 445
157 446
157 450
158 167
158 188
158 189
158 196
158 258
158 311
158 331
158 334
158 335
158 343
158 355
158 361
158 370
158 372
158 404
158 408
158 429
159 193
159 194
159 219
159 221
159 237
159 238
159 240
159 246
159 272
159 281
159 292
159 293
159 294
159 296
159 322
159 325
159 340
159 343
159 348
159 364
159 365
159 373
159 397
159 441
159 442
159 458
160 178
160 220
160 252
160 253
160 256
160 280
160 283
160 284
160 287
160 297
160 309
160 343
160 358
160 360
160 366
160 371
160 382
160 383
161 182
161 190
161 191
161 197
161 201
161 204
161 205
161 218
161 232
161 235
161 241
161 249
161 254
161 280
161 291
161 323
161 326
161 328
161 336
161 337
161 339
161 343
161 357
161 362
161 363
161 378
161 379
161 383
161 395
161 430
161 433
162 163
162 211
162 260
162 265
162 275
162 288
162 289
162 303
162 305
162 329
162 346
162 351
162 394
162 399
162 405
162 406
162 407
162 412
162 415
162 424
162 448
162 454
163 198
163 206
163 211
163 260
163 265
163 275
163 288
163 289
163 290
163 299
163 300
163 303
163 305
163 329
163 346
163 351
163 368
163 376
163 394
163 399
163 405
163 406
163 407
163 412
163 415
163 424
163 439
163 448
163 452
163 454
163 460
164 169
164 192
164 207
164 259
164 262
164 273
164 307
164 318
164 319
164 332
164 368
164 377
164 400
164 413
164 427
164 436
164 447
164 455
164 459
165 172
165 176
165 214
165 245
165 251
165 261
165 277
165 282
165 308
165 324
165 333
165 352
165 384
165 393
165 414
165 419
165 422
165 425
165 437
165 443
165 445
165 446
165 451
166 192
166 207
166 223
166 259
166 273
166 278
166 307
166 318
166 319
166 332
166 354
166 375
166 390
166 400
166 413
166 417
166 432
166 436
166 447
166 453
166 459
167 171
167 173
167 186
167 188
167 189
167 196
167 208
167 209
167 216
167 228
167 229
167 236
167 242
167 248
167 258
167 295
167 311
167 330
167 331
167 334
167 335
167 343
167 350
167 355
167 361
167 370
167 372
167 374
167 404
167 408
167 429
167 462
168 184
168 212
168 215
168 224
168 231
168 234
168 243
168 247
168 258
168 271
168 314
168 315
168 316
168 317
168 341
168 343
168 344
168 345
168 347
168 353
168 369
168 371
168 380
168 381
168 386
168 387
168 389
168 398
168 401
168 438
168 449
169 192
169 207
169 259
169 262
169 273
169 307
169 318
169 319
169 332
169 368
169 377
169 400
169 413
169 427
169 436
169 447
169 455
169 459
170 227
170 255
170 258
170 262
170 263
170 266
170 276
170 301
170 302
170 304
170 306
170 338
170 354
170 356
170 359
170 367
170 391
170 402
170 406
170 410
170 416
170 418
170 423
170 431
170 440
170 444
170 463
170 464
171 186
171 196
171 228
171 257
171 258
171 295
171 311
171 327
171 334
171 335
171 341
171 343
171 350
171 361
171 374
171 408
171 429
171 438
172 176
172 214
172 245
172 251
172 261
172 277
172 282
172 308
172 324
172 333
172 352
172 384
172 393
172 414
172 419
172 422
172 425
172 437
172 443
172 445
172 446
172 451
173 196
173 258
173 311
173 330
173 331
173 334
173 335
173 343
173 355
173 361
173 370
173 372
173 404
173 408
174 192
174 203
174 207
174 259
174 273
174 278
174 307
174 318
174 319
174 332
174 354
174 375
174 390
174 400
174 413
174 417
174 432
174 436
174 447
174 453
174 459
175 179
175 181
175 210
175 227
175 255
175 258
175 262
175 263
175 266
175 276
175 301
175 302
175 304
175 306
175 338
175 354
175 356
175 359
175 367
175 391
175 402
175 406
175 410
175 416
175 418
175 423
175 431
175 440
175 444
175 463
175 464
176 214
176 245
176 251
176 261
176 277
176 282
176 308
176 324
176 333
176 352
176 384
176 393
176 414
176 419
176 422
176 425
176 437
176 443
176 445
176 446
176 451
177 252
177 253
177 256
177 280
177 283
177 284
177 287
177 297
177 309
177 358
177 360
177 366
177 371
177 382
177 383
178 220
178 252
178 253
178 256
178 280
178 283
178 284
178 287
178 297
178 309
178 343
178 358
178 360
178 366
178 371
178 382
178 383
179 181
179 210
179 227
179 255
179 258
179 262
179 263
179 266
179 276
179 301
179 302
179 304
179 306
179 338
179 354
179 356
179 359
179 367
179 391
179 402
179 406
179 410
179 416
179 418
179 423
179 431
179 440
179 444
179 463
179 464
180 185
180 222
180 226
180 264
180 268
180 269
180 270
180 274
180 279
180 310
180 312
180 313
180 321
180 349
180 384
180 385
180 396
180 409
180 411
180 426
180 428
180 434
180 435
180 449
180 456
180 457
181 210
181 227
181 255
181 258
181 262
181 263
181 266
181 276
181 301
181 302
181 304
181 306
181 338
181 354
181 356
181 359
181 367
181 391
181 402
181 406
181 410
181 416
181 418
181 423
181 431
181 440
181 444
181 463
181 464
182 190
182 191
182 205
182 254
182 291
182 323
182 336
182 337
182 339
182 357
182 362
182 363
182 378
182 430
182 433
183 225
183 227
183 255
183 258
183 263
183 267
183 276
183 301
183 302
183 304
183 306
183 338
183 356
183 367
183 388
183 392
183 410
183 416
183 431
183 463
183 464
184 212
184 215
184 258
184 314
184 315
184 316
184 317
184 320
184 343
184 344
184 347
184 369
184 371
184 380
184 381
184 386
184 387
184 398
184 401
184 449
185 222
185 264
185 268
185 274
185 279
185 310
185 312
185 313
185 349
185 385
185 396
185 411
185 426
185 434
185 449
185 457
186 196
186 228
186 257
186 258
186 295
186 311
186 327
186 334
186 335
186 341
186 343
186 350
186 361
186 374
186 408
186 429
186 438
187 199
187 214
187 245
187 251
187 261
187 277
187 282
187 308
187 324
187 333
187 352
187 384
187 393
187 414
187 419
187 422
187 425
187 437
187 443
187 445
187 446
187 451
188 189
188 196
188 258
188 311
188 331
188 334
188 335
188 343
188 355
188 361
188 370
188 372
188 404
188 408
188 429
189 196
189 258
189 311
189 331
189 334
189 335
189 343
189 355
189 361
189 370
189 372
189 404
189 408
189 429
190 191
190 205
190 254
190 291
190 323
190 336
190 337
190 339
190 357
190 362
190 363
190 378
190 430
190 433
191 197
191 201
191 204
191 205
191 218
191 232
191 235
191 241
191 249
191 254
191 280
191 291
191 323
191 326
191 328
191 336
191 337
191 339
191 343
191 357
191 362
191 363
191 378
191 379
191 383
191 395
191 430
191 433
192 195
192 203
192 207
192 223
192 259
192 262
192 273
192 278
192 307
192 318
192 319
192 332
192 354
192 368
192 375
192 377
192 390
192 400
192 413
192 417
192 427
192 432
192 436
192 447
192 453
192 455
192 459
193 194
193 219
193 221
193 237
193 238
193 240
193 246
193 272
193 281
193 292
193 293
193 294
193 296
193 322
193 325
193 340
193 343
193 348
193 364
193 365
193 373
193 397
193 441
193 442
193 458
194 219
194 281
194 293
194 294
194 322
194 343
194 348
194 364
194 365
194 373
194 397
194 441
194 458
195 207
195 259
195 262
195 273
195 307
195 318
195 319
195 332
195 368
195 377
195 400
195 413
195 427
195 436
195 447
195 455
195 459
196 208
196 209
196 216
196 228
196 229
196 236
196 242
196 248
196 257
196 258
196 295
196 311
196 327
196 330
196 331
196 334
196 335
196 341
196 343
196 350
196 355
196 361
196 370
196 372
196 374
196 404
196 408
196 429
196 438
196 462
197 205
197 254
197 291
197 323
197 328
197 336
197 337
197 339
197 357
197 362
197 363
197 378
197 379
197 433
198 206
198 211
198 260
198 265
198 275
198 289
198 290
198 299
198 300
198 303
198 305
198 346
198 368
198 376
198 394
198 399
198 407
198 412
198 424
198 439
198 448
198 452
198 460
199 214
199 245
199 251
199 261
199 277
199 282
199 308
199 324
199 333
199 352
199 384
199 393
199 414
199 419
199 422
199 425
199 437
199 443
199 445
199 446
199 451
200 202
200 227
200 255
200 258
200 263
200 267
200 276
200 301
200 302
200 304
200 306
200 338
200 356
200 367
200 388
200 392
200 410
200 416
200 431
200 463
200 464
201 205
201 218
201 254
201 280
201 291
201 323
201 326
201 328
201 336
201 337
201 339
201 343
201 357
201 362
201 363
201 378
201 379
201 383
201 395
201 433
202 227
202 255
202 258
202 263
202 267
202 276
202 301
202 302
202 304
202 306
202 338
202 356
202 367
202 388
202 392
202 410
202 416
202 431
202 463
202 464
203 207
203 259
203 273
203 278
203 307
203 318
203 319
203 332
203 354
203 375
203 390
203 400
203 413
203 417
203 432
203 436
203 447
203 453
203 459
204 205
204 254
204 280
204 291
204 323
204 326
204 336
204 337
204 339
204 343
204 357
204 362
204 363
204 378
204 383
204 395
204 430
204 433
205 218
205 232
205 235
205 241
205 249
205 254
205 280
205 291
205 323
205 326
205 328
205 336
205 337
205 339
205 343
205 357
205 362
205 363
205 378
205 379
205 383
205 395
205 430
205 433
206 260
206 265
206 275
206 288
206 289
206 290
206 299
206 300
206 303
206 305
206 329
206 346
206 351
206 368
206 376
206 394
206 399
206 405
206 406
206 407
206 412
206 415
206 424
206 439
206 448
206 452
206 454
206 460
207 223
207 259
207 262
207 273
207 278
207 307
207 318
207 319
207 332
207 354
207 368
207 375
207 377
207 390
207 400
207 413
207 417
207 427
207 432
207 436
207 447
207 453
207 455
207 459
208 209
208 216
208 257
208 258
208 295
208 311
208 327
208 330
208 334
208 335
208 341
208 343
208 350
208 361
208 374
208 408
208 438
208 462
209 216
209 257
209 258
209 295
209 311
209 327
209 330
209 334
209 335
209 341
209 343
209 350
209 361
209 374
209 408
209 438
209 462
210 227
210 255
210 258
210 262
210 263
210 266
210 276
210 301
210 302
210 304
210 306
210 338
210 354
210 356
210 359
210 367
210 391
210 402
210 406
210 410
210 416
210 418
210 423
210 431
210 440
210 444
210 463
210 464
211 260
211 265
211 275
211 288
211 289
211 290
211 299
211 300
211 303
211 305
211 329
211 346
211 351
211 368
211 376
211 394
211 399
211 405
211 406
211 407
211 412
211 415
211 424
211 439
211 448
211 452
211 454
211 460
212 215
212 258
212 314
212 315
212 316
212 317
212 320
212 343
212 344
212 347
212 369
212 371
212 380
212 381
212 386
212 387
212 398
212 401
212 449
213 214
213 233
213 261
213 277
213 282
213 298
213 308
213 333
213 342
213 352
213 359
213 393
213 403
213 409
213 414
213 418
213 419
213 423
213 425
213 437
213 444
213 445
213 446
213 450
214 217
214 233
214 245
214 251
214 261
214 277
214 282
214 298
214 308
214 324
214 333
214 342
214 352
214 359
214 384
214 393
214 403
214 409
214 414
214 418
214 419
214 422
214 423
214 425
214 437
214 443
214 444
214 445
214 446
214 450
214 451
215 258
215 314
215 315
215 316
215 317
215 320
215 343
215 344
215 347
215 369
215 371
215 380
215 381
215 386
215 387
215 398
215 401
215 449
216 257
216 258
216 295
216 311
216 327
216 330
216 334
216 335
216 341
216 343
216 350
216 361
216 374
216 408
216 438
216 462
217 233
217 261
217 277
217 282
217 298
217 308
217 333
217 342
217 352
217 359
217 393
217 403
217 409
217 414
217 418
217 419
217 423
217 425
217 437
217 444
217 445
217 446
217 450
218 254
218 280
218 291
218 323
218 326
218 328
218 336
218 337
218 339
218 343
218 357
218 362
218 363
218 378
218 379
218 383
218 395
218 433
219 281
219 293
219 294
219 322
219 343
219 348
219 364
219 365
219 373
219 397
219 441
219 458
220 252
220 253
220 256
220 280
220 283
220 284
220 287
220 297
220 309
220 343
220 358
220 360
220 366
220 371
220 382
220 383
221 272
221 292
221 296
221 322
221 325
221 340
221 348
221 364
221 365
221 442
222 264
222 268
222 274
222 279
222 310
222 312
222 313
222 349
222 385
222 396
222 411
222 426
222 434
222 449
222 457
223 259
223 273
223 278
223 307
223 318
223 319
223 332
223 354
223 375
223 390
223 400
223 413
223 417
223 432
223 436
223 447
223 453
223 459
224 258
224 314
224 315
224 316
224 317
224 320
224 343
224 344
224 347
224 369
224 371
224 380
224 381
224 386
224 387
224 398
224 401
224 449
225 227
225 255
225 258
225 263
225 267
225 276
225 301
225 302
225 304
225 306
225 338
225 356
225 367
225 388
225 392
225 410
225 416
225 431
225 463
225 464
226 264
226 269
226 270
226 274
226 310
226 312
226 313
226 321
226 349
226 384
226 385
226 396
226 409
226 411
226 426
226 428
226 435
226 449
226 456
227 255
227 258
227 262
227 263
227 266
227 267
227 276
227 301
227 302
227 304
227 306
227 338
227 354
227 356
227 359
227 367
227 388
227 391
227 392
227 402
227 406
227 410
227 416
227 418
227 423
227 431
227 440
227 444
227 463
227 464
228 257
228 258
228 295
228 311
228 327
228 334
228 335
228 341
228 343
228 350
228 361
228 374
228 408
228 429
228 438
229 236
229 242
229 248
229 257
229 295
229 311
229 327
229 330
229 331
229 334
229 335
229 341
229 350
229 355
229 361
229 370
229 372
229 374
229 404
229 408
229 429
229 438
230 239
230 244
230 250
230 252
230 253
230 256
230 280
230 283
230 284
230 285
230 286
230 287
230 297
230 309
230 358
230 360
230 366
230 371
230 382
230 383
230 395
231 234
231 243
231 247
231 271
231 314
231 315
231 316
231 317
231 320
231 341
231 344
231 345
231 347
231 353
231 371
231 386
231 387
231 389
231 398
231 401
231 438
232 235
232 241
232 249
232 254
232 280
232 291
232 323
232 326
232 328
232 336
232 339
232 357
232 362
232 363
232 379
232 383
232 395
232 430
232 433
233 261
233 277
233 298
233 308
233 333
233 342
233 352
233 359
233 393
233 403
233 409
233 414
233 418
233 419
233 423
233 425
233 437
233 444
233 445
233 446
233 450
234 243
234 247
234 271
234 314
234 315
234 316
234 317
234 320
234 341
234 344
234 345
234 347
234 353
234 371
234 386
234 387
234 389
234 398
234 401
234 438
235 241
235 249
235 254
235 280
235 291
235 323
235 326
235 328
235 336
235 339
235 357
235 362
235 363
235 379
235 383
235 395
235 430
235 433
236 242
236 248
236 257
236 295
236 311
236 327
236 330
236 331
236 334
236 335
236 341
236 350
236 355
236 361
236 370
236 372
236 374
236 404
236 408
236 429
236 438
237 238
237 240
237 246
237 272
237 281
237 292
237 293
237 294
237 296
237 322
237 325
237 340
237 348
237 364
237 365
237 373
237 397
237 441
237 442
237 458
238 240
238 246
238 272
238 281
238 292
238 293
238 294
238 296
238 322
238 325
238 340
238 348
238 364
238 365
238 373
238 397
238 441
238 442
238 458
239 244
239 250
239 252
239 253
239 256
239 280
239 283
239 284
239 285
239 286
239 287
239 297
239 309
239 358
239 360
239 366
239 371
239 382
239 383
239 395
240 246
240 272
240 281
240 292
240 293
240 294
240 296
240 322
240 325
240 340
240 348
240 364
240 365
240 373
240 397
240 441
240 442
240 458
241 249
241 254
241 280
241 291
241 323
241 326
241 328
241 336
241 339
241 357
241 362
241 363
241 379
241 383
241 395
241 430
241 433
242 248
242 257
242 295
242 311
242 327
242 330
242 331
242 334
242 335
242 341
242 350
242 355
242 361
242 370
242 372
242 374
242 404
242 408
242 429
242 438
243 247
243 271
243 314
243 315
243 316
243 317
243 320
243 341
243 344
243 345
243 347
243 353
243 371
243 386
243 387
243 389
243 398
243 401
243 438
244 250
244 252
244 253
244 256
244 280
244 283
244 284
244 285
244 286
244 287
244 297
244 309
244 358
244 360
244 366
244 371
244 382
244 383
244 395
245 251
245 261
245 277
245 308
245 324
245 333
245 352
245 384
245 393
245 414
245 419
245 422
245 425
245 437
245 443
245 445
245 446
245 451
246 272
246 281
246 292
246 293
246 294
246 296
246 322
246 325
246 340
246 348
246 364
246 365
246 373
246 397
246 441
246 442
246 458
247 271
247 314
247 315
247 316
247 317
247 320
247 341
247 344
247 345
247 347
247 353
247 371
247 386
247 387
247 389
247 398
247 401
247 438
248 257
248 295
248 311
248 327
248 330
248 331
248 334
248 335
248 341
248 350
248 355
248 361
248 370
248 372
248 374
248 404
248 408
248 429
248 438
249 254
249 280
249 291
249 323
249 326
249 328
249 336
249 339
249 357
249 362
249 363
249 379
249 383
249 395
249 430
249 433
250 252
250 253
250 256
250 280
250 283
250 284
250 285
250 286
250 287
250 297
250 309
250 358
250 360
250 366
250 371
250 382
250 383
250 395
251 261
251 277
251 308
251 324
251 333
251 384
251 393
251 419
251 422
251 425
251 437
251 443
251 445
251 446
251 451
252 253
252 256
252 283
252 284
252 285
252 286
252 297
252 309
252 343
252 358
252 360
252 366
252 371
252 382
252 395
253 256
253 283
253 284
253 285
253 286
253 297
253 309
253 343
253 358
253 360
253 366
253 371
253 382
253 395
254 280
254 291
254 323
254 326
254 328
254 336
254 337
254 339
254 343
254 357
254 362
254 363
254 378
254 379
254 383
254 395
254 430
254 433
255 258
255 263
255 266
255 267
255 276
255 301
255 302
255 304
255 306
255 338
255 356
255 367
255 388
255 391
255 392
255 402
255 410
255 416
255 431
255 440
255 463
255 464
256 283
256 284
256 285
256 286
256 297
256 309
256 343
256 358
256 360
256 366
256 371
256 382
256 395
257 295
257 327
257 330
257 334
257 335
257 341
257 350
257 374
257 429
257 438
257 462
258 262
258 263
258 266
258 267
258 271
258 276
258 295
258 301
258 302
258 304
258 306
258 311
258 314
258 315
258 316
258 317
258 330
258 331
258 334
258 335
258 338
258 341
258 343
258 344
258 345
258 347
258 350
258 353
258 354
258 355
258 356
258 359
258 361
258 367
258 369
258 370
258 372
258 374
258 380
258 381
258 386
258 387
258 388
258 389
258 391
258 392
258 398
258 401
258 402
258 404
258 406
258 408
258 410
258 416
258 418
258 423
258 429
258 431
258 438
258 440
258 444
258 449
258 462
258 463
258 464
259 273
259 278
259 307
259 318
259 319
259 332
259 354
259 368
259 375
259 377
259 390
259 400
259 413
259 417
259 427
259 432
259 436
259 447
259 453
259 455
259 459
260 265
260 275
260 288
260 289
260 290
260 299
260 300
260 303
260 305
260 329
260 346
260 351
260 368
260 376
260 394
260 399
260 405
260 406
260 407
260 412
260 415
260 424
260 439
260 448
260 452
260 454
260 460
261 277
261 282
261 298
261 308
261 324
261 333
261 342
261 352
261 359
261 384
261 393
261 403
261 409
261 414
261 418
261 419
261 422
261 423
261 425
261 437
261 443
261 444
261 445
261 446
261 450
261 451
262 266
262 273
262 301
262 302
262 304
262 306
262 307
262 318
262 319
262 332
262 338
262 354
262 359
262 368
262 377
262 391
262 400
262 402
262 406
262 413
262 418
262 423
262 427
262 436
262 440
262 444
262 447
262 455
262 459
262 463
263 266
263 267
263 276
263 301
263 302
263 304
263 306
263 338
263 356
263 367
263 388
263 391
263 392
263 402
263 410
263 416
263 431
263 440
263 463
263 464
264 268
264 269
264 270
264 274
264 279
264 310
264 312
264 313
264 321
264 349
264 384
264 385
264 396
264 409
264 411
264 426
264 428
264 434
264 435
264 449
264 456
264 457
265 275
265 288
265 289
265 290
265 299
265 300
265 303
265 305
265 329
265 346
265 351
265 368
265 376
265 394
265 399
265 405
265 406
265 407
265 412
265 415
265 424
265 439
265 448
265 452
265 454
265 460
266 276
266 301
266 302
266 304
266 306
266 338
266 354
266 356
266 359
266 367
266 391
266 402
266 406
266 410
266 416
266 418
266 423
266 431
266 440
266 444
266 463
266 464
267 276
267 301
267 302
267 304
267 306
267 338
267 356
267 367
267 388
267 392
267 410
267 416
267 431
267 463
267 464
268 274
268 279
268 310
268 312
268 313
268 349
268 385
268 396
268 411
268 426
268 434
268 449
268 457
269 270
269 274
269 310
269 312
269 313
269 321
269 349
269 384
269 385
269 396
269 409
269 411
269 426
269 428
269 435
269 449
269 456
270 274
270 310
270 312
270 313
270 321
270 349
270 384
270 385
270 396
270 409
270 411
270 426
270 428
270 435
270 449
270 456
271 314
271 315
271 316
271 317
271 341
271 343
271 345
271 353
271 369
271 371
271 380
271 381
271 387
271 389
271 438
271 449
272 292
272 296
272 322
272 325
272 340
272 348
272 364
272 365
272 442
273 307
273 318
273 319
273 332
273 368
273 375
273 377
273 390
273 400
273 413
273 417
273 427
273 432
273 436
273 447
273 453
273 455
273 459
274 279
274 310
274 312
274 313
274 321
274 349
274 384
274 385
274 396
274 409
274 411
274 426
274 428
274 434
274 435
274 449
274 456
274 457
275 288
275 289
275 290
275 299
275 300
275 303
275 305
275 329
275 346
275 351
275 368
275 376
275 394
275 399
275 405
275 406
275 407
275 412
275 415
275 424
275 439
275 448
275 452
275 454
275 460
276 301
276 302
276 304
276 306
276 338
276 356
276 367
276 388
276 391
276 392
276 402
276 410
276 416
276 431
276 440
276 463
276 464
277 282
277 298
277 308
277 324
277 333
277 342
277 352
277 359
277 384
277 393
277 403
277 409
277 414
277 418
277 419
277 422
277 423
277 425
277 437
277 443
277 444
277 445
277 446
277 450
277 451
278 354
278 375
278 390
278 400
278 417
278 432
278 453
278 459
279 396
279 411
279 426
279 434
279 449
279 457
280 287
280 297
280 326
280 328
280 343
280 358
280 360
280 366
280 378
280 379
280 383
280 395
280 430
281 293
281 294
281 343
281 373
281 397
281 441
281 458
282 298
282 308
282 333
282 342
282 352
282 359
282 393
282 403
282 409
282 418
282 419
282 423
282 425
282 437
282 443
282 444
282 445
282 446
282 450
282 451
283 284
283 297
283 309
283 343
283 358
283 360
283 366
283 371
283 382
283 395
284 297
284 309
284 343
284 358
284 360
284 366
284 371
284 382
284 395
285 286
285 309
285 343
285 358
285 366
285 371
285 382
285 395
286 309
286 343
286 358
286 366
286 371
286 382
286 395
287 297
287 358
287 360
287 366
287 383
288 303
288 305
288 329
288 346
288 351
288 399
288 405
288 406
288 407
288 415
288 424
288 448
288 454
289 303
289 305
289 329
289 346
289 351
289 368
289 376
289 394
289 399
289 405
289 407
289 412
289 415
289 424
289 439
289 448
289 452
289 454
289 460
290 299
290 300
290 368
290 376
290 394
290 399
290 412
290 424
290 439
290 452
290 460
291 323
291 328
291 336
291 337
291 339
291 357
291 362
291 363
291 378
291 379
291 430
291 433
292 296
292 322
292 325
292 340
292 348
292 364
292 365
292 442
293 294
293 322
293 343
293 348
293 364
293 365
293 373
293 397
293 441
293 458
294 322
294 343
294 348
294 364
294 365
294 373
294 397
294 441
294 458
295 311
295 327
295 330
295 334
295 335
295 341
295 343
295 350
295 361
295 374
295 408
295 429
295 438
295 462
296 322
296 325
296 340
296 348
296 364
296 365
296 442
297 309
297 343
297 358
297 360
297 366
297 371
297 382
297 383
298 308
298 333
298 342
298 352
298 359
298 393
298 403
298 409
298 414
298 418
298 419
298 423
298 425
298 437
298 444
298 445
298 446
298 450
299 300
299 368
299 376
299 394
299 399
299 412
299 424
299 439
299 452
299 460
300 368
300 376
300 394
300 399
300 412
300 424
300 439
300 452
300 460
301 302
301 304
301 306
301 338
301 354
301 356
301 359
301 367
301 388
301 391
301 392
301 402
301 406
301 410
301 416
301 418
301 423
301 431
301 440
301 444
301 463
301 464
302 304
302 306
302 338
302 354
302 356
302 359
302 367
302 388
302 391
302 392
302 402
302 406
302 410
302 416
302 418
302 423
302 431
302 440
302 444
302 463
302 464
303 305
303 329
303 346
303 351
303 368
303 376
303 394
303 399
303 405
303 406
303 407
303 412
303 415
303 424
303 439
303 448
303 452
303 454
303 460
304 306
304 338
304 354
304 356
304 359
304 367
304 388
304 391
304 392
304 402
304 406
304 410
304 416
304 418
304 423
304 431
304 440
304 444
304 463
304 464
305 329
305 346
305 351
305 368
305 376
305 394
305 399
305 405
305 406
305 407
305 412
305 415
305 424
305 439
305 448
305 452
305 454
305 460
306 338
306 354
306 356
306 359
306 367
306 388
306 391
306 392
306 402
306 406
306 410
306 416
306 418
306 423
306 431
306 440
306 444
306 463
306 464
307 318
307 319
307 332
307 368
307 375
307 377
307 390
307 400
307 413
307 417
307 427
307 432
307 436
307 447
307 453
307 455
307 459
308 324
308 333
308 352
308 384
308 393
308 414
308 419
308 422
308 425
308 437
308 443
308 445
308 446
308 450
308 451
309 343
309 358
309 360
309 366
309 371
309 382
309 395
310 312
310 313
310 321
310 349
310 384
310 385
310 396
310 409
310 411
310 426
310 428
310 434
310 435
310 449
310 456
310 457
311 330
311 331
311 334
311 335
311 343
311 350
311 355
311 361
311 370
311 372
311 374
311 404
311 408
311 429
311 462
312 313
312 321
312 349
312 384
312 385
312 396
312 409
312 411
312 426
312 428
312 434
312 435
312 449
312 456
312 457
313 321
313 349
313 384
313 385
313 396
313 409
313 411
313 426
313 428
313 434
313 435
313 449
313 456
313 457
314 315
314 316
314 317
314 341
314 343
314 344
314 345
314 347
314 353
314 369
314 371
314 380
314 381
314 386
314 387
314 389
314 398
314 401
314 438
314 449
315 316
315 317
315 341
315 343
315 344
315 345
315 347
315 353
315 369
315 371
315 380
315 381
315 386
315 387
315 389
315 398
315 401
315 438
315 449
316 317
316 341
316 343
316 344
316 345
316 347
316 353
316 369
316 371
316 380
316 381
316 386
316 387
316 389
316 398
316 401
316 438
316 449
317 341
317 343
317 344
317 345
317 347
317 353
317 369
317 371
317 380
317 381
317 386
317 387
317 389
317 398
317 401
317 438
317 449
318 319
318 332
318 368
318 375
318 377
318 390
318 400
318 413
318 417
318 427
318 432
318 436
318 447
318 453
318 455
318 459
319 332
319 368
319 375
319 377
319 390
319 400
319 413
319 417
319 427
319 432
319 436
319 447
319 453
319 455
319 459
320 344
320 347
320 369
320 371
320 380
320 381
320 386
320 387
320 398
320 401
320 449
321 384
321 409
321 428
321 435
321 456
322 325
322 340
322 348
322 364
322 365
322 373
322 397
322 441
322 442
322 458
323 328
323 336
323 337
323 339
323 357
323 362
323 363
323 378
323 379
323 430
323 433
324 333
324 384
324 393
324 419
324 422
324 425
324 437
324 443
324 445
324 446
324 451
325 340
325 364
325 365
325 442
326 328
326 343
326 378
326 379
326 383
326 395
326 430
327 330
327 334
327 335
327 341
327 350
327 374
327 429
327 438
327 462
328 336
328 337
328 339
328 343
328 357
328 362
328 363
328 378
328 379
328 383
328 395
328 433
329 346
329 351
329 394
329 399
329 405
329 406
329 407
329 412
329 415
329 424
329 448
329 454
330 331
330 334
330 335
330 341
330 343
330 350
330 355
330 361
330 370
330 372
330 374
330 404
330 408
330 438
330 462
331 334
331 335
331 343
331 355
331 361
331 370
331 372
331 404
331 408
331 429
332 368
332 375
332 377
332 390
332 400
332 413
332 417
332 427
332 432
332 436
332 447
332 453
332 455
332 459
333 342
333 352
333 359
333 384
333 393
333 403
333 409
333 414
333 418
333 419
333 422
333 423
333 425
333 437
333 443
333 444
333 445
333 446
333 450
333 451
334 335
334 341
334 343
334 350
334 355
334 361
334 370
334 372
334 374
334 404
334 408
334 429
334 438
334 462
335 341
335 343
335 350
335 355
335 361
335 370
335 372
335 374
335 404
335 408
335 429
335 438
335 462
336 337
336 339
336 357
336 362
336 363
336 378
336 379
336 430
336 433
337 339
337 357
337 362
337 363
337 378
337 379
337 430
337 433
338 354
338 356
338 359
338 367
338 388
338 391
338 392
338 402
338 406
338 410
338 416
338 418
338 423
338 431
338 440
338 444
338 463
338 464
339 357
339 362
339 363
339 378
339 379
339 430
339 433
340 348
340 364
340 365
340 442
341 343
341 345
341 350
341 353
341 369
341 371
341 374
341 380
341 381
341 387
341 389
341 429
341 438
341 449
341 462
342 352
342 359
342 403
342 409
342 414
342 418
342 423
342 444
342 450
343 344
343 345
343 347
343 350
343 353
343 355
343 358
343 360
343 361
343 366
343 369
343 370
343 372
343 373
343 374
343 378
343 380
343 381
343 382
343 383
343 386
343 387
343 389
343 395
343 397
343 398
343 401
343 404
343 408
343 429
343 430
343 438
343 441
343 449
343 458
343 462
344 347
344 369
344 371
344 380
344 381
344 386
344 387
344 398
344 401
344 449
345 353
345 369
345 371
345 380
345 381
345 387
345 389
345 438
345 449
346 351
346 368
346 376
346 394
346 399
346 405
346 406
346 407
346 412
346 415
346 424
346 439
346 448
346 452
346 454
346 460
347 369
347 371
347 380
347 381
347 386
347 387
347 398
347 401
347 449
348 364
348 365
348 373
348 397
348 441
348 442
348 458
349 385
349 396
349 411
349 426
349 434
349 435
349 449
349 456
349 457
350 361
350 374
350 408
350 429
350 438
350 462
351 394
351 399
351 405
351 406
351 407
351 412
351 415
351 424
351 448
351 454
352 359
352 393
352 403
352 409
352 414
352 418
352 419
352 423
352 425
352 437
352 443
352 444
352 445
352 446
352 450
352 451
353 369
353 371
353 380
353 381
353 387
353 389
353 438
353 449
354 359
354 375
354 390
354 391
354 400
354 402
354 406
354 417
354 418
354 423
354 432
354 440
354 444
354 453
354 459
354 463
355 361
355 370
355 372
355 404
355 408
355 429
356 367
356 388
356 391
356 392
356 402
356 410
356 416
356 431
356 440
356 463
356 464
357 362
357 363
357 378
357 379
357 430
357 433
358 360
358 366
358 371
358 382
358 383
358 395
359 391
359 402
359 403
359 406
359 409
359 414
359 418
359 423
359 440
359 444
359 450
359 463
360 366
360 371
360 382
360 383
361 370
361 372
361 374
361 404
361 408
361 429
361 462
362 363
362 378
362 379
362 430
362 433
363 378
363 379
363 430
363 433
364 365
364 373
364 397
364 441
364 442
364 458
365 373
365 397
365 441
365 442
365 458
366 371
366 382
366 383
366 395
367 388
367 391
367 392
367 402
367 410
367 416
367 431
367 440
367 463
367 464
368 376
368 377
368 394
368 412
368 413
368 424
368 427
368 436
368 439
368 447
368 448
368 452
368 455
368 459
368 460
369 380
369 381
369 386
369 387
369 389
369 398
369 401
369 438
369 449
370 372
370 404
370 408
370 429
371 380
371 381
371 382
371 386
371 387
371 389
371 395
371 398
371 401
372 404
372 408
372 429
373 397
373 441
373 458
374 408
374 429
374 438
374 462
375 390
375 400
375 413
375 417
375 432
375 436
375 447
375 453
375 459
376 394
376 399
376 407
376 412
376 424
376 439
376 448
376 452
376 460
377 400
377 413
377 427
377 436
377 447
377 455
377 459
378 383
378 395
378 430
378 433
379 383
379 395
379 430
379 433
380 386
380 387
380 389
380 398
380 401
380 438
380 449
381 386
381 387
381 389
381 398
381 401
381 438
381 449
382 395
383 395
383 430
384 393
384 409
384 419
384 422
384 425
384 428
384 435
384 437
384 443
384 445
384 446
384 451
384 456
385 396
385 411
385 426
385 434
385 435
385 449
385 456
385 457
386 387
386 398
386 401
386 449
387 389
387 398
387 401
387 449
388 392
388 410
388 416
388 431
388 463
388 464
389 438
389 449
390 400
390 413
390 417
390 432
390 436
390 447
390 453
390 459
391 402
391 406
391 410
391 416
391 418
391 423
391 431
391 440
391 444
391 463
391 464
392 410
392 416
392 431
392 463
392 464
393 414
393 419
393 422
393 425
393 437
393 443
393 445
393 446
393 450
393 451
394 399
394 405
394 407
394 412
394 415
394 424
394 439
394 448
394 452
394 454
394 460
395 430
396 411
396 426
396 434
396 435
396 456
396 457
397 441
397 458
398 401
398 449
399 405
399 406
399 407
399 412
399 415
399 424
399 439
399 448
399 452
399 454
399 460
400 413
400 417
400 427
400 432
400 436
400 447
400 453
400 455
400 459
401 449
402 406
402 410
402 416
402 418
402 423
402 431
402 440
402 444
402 463
402 464
403 409
403 414
403 418
403 423
403 444
403 450
404 429
405 406
405 407
405 412
405 415
405 424
405 448
405 454
406 407
406 415
406 418
406 423
406 424
406 440
406 444
406 448
406 454
406 463
407 412
407 415
407 424
407 439
407 448
407 452
407 454
407 460
408 429
408 462
409 414
409 418
409 423
409 428
409 435
409 444
409 450
409 456
410 416
410 431
410 440
410 463
410 464
411 426
411 434
411 435
411 449
411 456
411 457
412 415
412 424
412 439
412 448
412 452
412 454
412 460
413 417
413 427
413 432
413 436
413 447
413 453
413 455
413 459
414 418
414 419
414 423
414 425
414 437
414 443
414 444
414 445
414 446
414 450
414 451
415 424
415 448
415 454
416 431
416 440
416 463
416 464
417 432
417 436
417 447
417 453
417 459
418 423
418 440
418 444
418 450
418 463
419 422
419 425
419 437
419 443
419 445
419 446
419 450
419 451
422 425
422 437
422 443
422 445
422 446
422 451
423 440
423 444
423 450
423 463
424 439
424 448
424 452
424 454
424 460
425 437
425 443
425 445
425 446
425 450
425 451
426 434
426 435
426 449
426 456
426 457
427 436
427 447
427 455
427 459
428 435
428 456
429 438
430 433
431 440
431 463
431 464
432 436
432 447
432 453
432 459
434 449
434 457
435 449
435 456
436 447
436 453
436 455
436 459
437 443
437 445
437 446
437 450
437 451
438 462
439 448
439 452
439 460
440 444
440 463
440 464
441 458
443 445
443 446
443 451
444 450
444 463
445 446
445 450
445 451
446 450
446 451
447 453
447 455
447 459
448 452
448 454
448 460
449 456
449 457
452 460
453 459
455 459
463 464
