96  462
0 1 2 3 4 5 6 7 12 16 85 108 110 121 128 159 161 163 167 168 180 191 192 193 196 205 207 227 256 273 274 275 276 277 279 301 302 303 304 305 306 
47 48 85 108 110 121 128 159 161 163 167 168 180 191 192 193 196 205 207 227 252 253 280 292 417 446 447 
27 85 108 110 121 128 159 161 163 167 168 180 191 192 193 196 205 207 227 280 344 345 420 421 422 
43 85 108 110 121 128 159 161 163 167 168 180 191 192 193 196 205 207 227 233 245 252 253 292 
12 15 85 108 110 121 128 159 161 163 167 168 180 191 192 193 196 205 207 227 256 310 311 312 313 
85 108 110 121 128 159 161 163 167 168 180 191 192 193 196 205 207 227 307 308 309 382 383 423 428 
10 11 254 255 256 257 258 333 334 
0 1 2 3 4 5 6 7 10 11 85 108 110 121 128 159 161 163 167 168 180 191 192 193 196 205 207 227 273 274 275 276 277 340 452 453 454 455 456 457 
35 36 37 54 85 108 110 121 128 159 161 163 167 168 180 191 192 193 196 205 207 227 377 388 389 390 391 434 437 
8 9 85 108 110 121 128 159 161 163 167 168 180 191 192 193 196 205 207 227 233 245 314 315 316 317 351 356 357 358 359 368 414 
46 85 108 110 121 128 159 161 163 167 168 180 191 192 193 196 205 207 227 301 302 303 304 305 306 344 345 414 416 444 445 
341 342 343 412 
1 2 7 9 233 245 355 368 418 419 
1 2 7 85 108 110 121 128 159 161 163 167 168 180 191 192 193 196 205 207 227 259 260 261 262 263 264 265 321 356 357 358 359 414 449 
85 108 110 121 128 159 161 163 167 168 180 191 192 193 196 205 207 227 301 302 303 304 305 306 310 311 312 313 341 432 460 
18 30 85 108 110 121 128 159 161 163 167 168 180 191 192 193 196 205 207 227 283 284 285 286 293 294 295 296 426 
55 85 108 110 121 128 159 161 163 167 168 180 191 192 193 196 205 207 227 299 300 374 382 383 402 441 
85 108 110 121 128 159 161 163 167 168 180 191 192 193 196 205 207 227 314 315 316 317 318 319 356 357 358 359 366 367 
13 14 85 108 110 121 128 159 161 163 167 168 180 191 192 193 196 205 207 227 233 245 259 260 261 262 263 264 265 314 315 316 317 355 427 448 
20 21 27 85 108 110 121 128 159 161 163 167 168 180 191 192 193 196 205 207 227 233 245 280 401 
1 2 7 10 11 85 108 110 121 128 159 161 163 167 168 180 191 192 193 196 205 207 227 254 255 299 300 410 452 453 454 455 456 457 
17 85 108 110 121 128 159 161 163 167 168 180 191 192 193 196 205 207 227 322 323 329 423 
85 108 110 121 128 159 161 163 167 168 180 191 192 193 196 205 207 227 299 300 360 361 414 415 444 445 
251 256 258 310 311 312 313 325 452 453 454 455 456 457 
85 108 110 121 128 159 161 163 167 168 180 191 192 193 196 205 207 227 382 383 412 433 434 
13 14 251 259 260 261 262 263 264 265 320 
32 53 54 85 108 110 121 128 159 161 163 167 168 180 191 192 193 196 205 207 227 283 284 285 286 288 289 376 377 439 
42 52 377 396 439 
8 85 108 110 121 128 159 161 163 167 168 180 191 192 193 196 205 207 227 233 245 355 450 451 
85 108 110 121 128 159 161 163 167 168 180 191 192 193 196 205 207 227 251 258 326 338 347 362 363 364 365 434 435 
85 108 110 121 128 159 161 163 167 168 180 191 192 193 196 205 207 227 283 284 285 286 287 288 289 290 388 389 390 391 
32 377 416 434 437 439 
19 25 85 108 110 121 128 159 161 163 167 168 180 191 192 193 196 205 207 227 254 255 353 440 452 453 454 455 456 457 
1 2 7 85 108 110 121 128 159 161 163 167 168 180 191 192 193 196 205 207 227 273 274 275 276 277 278 326 347 362 363 364 365 
45 280 327 443 
13 14 85 108 110 121 128 159 161 163 167 168 180 191 192 193 196 205 207 227 233 245 318 319 356 357 358 359 415 
44 292 374 402 403 404 405 
85 108 110 121 128 159 161 163 167 168 180 191 192 193 196 205 207 227 233 245 407 408 
256 331 332 338 339 362 363 364 365 
85 108 110 121 128 159 161 163 167 168 180 191 192 193 196 205 207 227 254 255 340 362 363 364 365 410 452 453 454 455 456 457 
266 267 268 269 270 377 387 440 
85 108 110 121 128 159 161 163 167 168 180 191 192 193 196 205 207 227 266 267 268 269 270 291 388 389 390 391 393 435 
85 108 110 121 128 159 161 163 167 168 180 191 192 193 196 205 207 227 280 282 292 346 442 
15 85 108 110 121 128 159 161 163 167 168 180 191 192 193 196 205 207 227 266 267 268 269 270 271 291 
0 1 2 3 4 5 6 7 24 85 108 110 121 128 159 161 163 167 168 180 191 192 193 196 205 207 227 233 245 251 353 
56 57 58 59 60 61 62 63 64 65 66 67 68 69 70 71 72 73 74 75 76 77 78 79 80 81 82 83 84 85 86 87 88 89 90 91 92 93 94 95 96 97 98 99 100 101 102 103 104 105 106 107 108 109 110 111 112 113 114 115 116 117 118 119 120 121 122 123 124 125 126 127 128 129 130 131 132 133 134 135 136 137 138 139 140 141 142 143 144 145 146 147 148 149 150 151 152 153 154 155 156 157 158 159 160 161 162 163 164 165 166 167 168 169 170 171 172 173 174 175 176 177 178 179 180 181 182 183 184 185 186 187 188 189 190 191 192 193 194 195 196 197 198 199 200 201 202 203 204 205 206 207 208 209 210 211 212 213 214 215 216 217 218 219 220 221 222 223 224 225 226 227 228 229 230 231 232 234 235 236 237 238 239 240 241 242 243 244 246 247 248 249 250 377 378 379 380 381 427 429 430 
56 57 58 59 60 61 62 63 64 65 66 67 68 69 70 71 72 73 74 75 76 77 78 79 80 81 82 83 84 85 86 87 88 89 90 91 92 93 94 95 96 97 98 99 100 101 102 103 104 105 106 107 108 109 110 111 112 113 114 115 116 117 118 119 120 121 122 123 124 125 126 127 128 129 130 131 132 133 134 135 136 137 138 139 140 141 142 143 144 145 146 147 148 149 150 151 152 153 154 155 156 157 158 159 160 161 162 163 164 165 166 167 168 169 170 171 172 173 174 175 176 177 178 179 180 181 182 183 184 185 186 187 188 189 190 191 192 193 194 195 196 197 198 199 200 201 202 203 204 205 206 207 208 209 210 211 212 213 214 215 216 217 218 219 220 221 222 223 224 225 226 227 228 229 230 231 232 234 235 236 237 238 239 240 241 242 243 244 246 247 248 249 250 
56 57 58 59 60 61 62 63 64 65 66 67 68 69 70 71 72 73 74 75 76 77 78 79 80 81 82 83 84 85 86 87 88 89 90 91 92 93 94 95 96 97 98 99 100 101 102 103 104 105 106 107 108 109 110 111 112 113 114 115 116 117 118 119 120 121 122 123 124 125 126 127 128 129 130 131 132 133 134 135 136 137 138 139 140 141 142 143 144 145 146 147 148 149 150 151 152 153 154 155 156 157 158 159 160 161 162 163 164 165 166 167 168 169 170 171 172 173 174 175 176 177 178 179 180 181 182 183 184 185 186 187 188 189 190 191 192 193 194 195 196 197 198 199 200 201 202 203 204 205 206 207 208 209 210 211 212 213 214 215 216 217 218 219 220 221 222 223 224 225 226 227 228 229 230 231 232 233 234 235 236 237 238 239 240 241 242 243 244 245 246 247 248 249 250 
0 3 4 5 6 56 57 58 59 60 61 62 63 64 65 66 67 68 69 70 71 72 73 74 75 76 77 78 79 80 81 82 83 84 85 86 87 88 89 90 91 92 93 94 95 96 97 98 99 100 101 102 103 104 105 106 107 108 109 110 111 112 113 114 115 116 117 118 119 120 121 122 123 124 125 126 127 128 129 130 131 132 133 134 135 136 137 138 139 140 141 142 143 144 145 146 147 148 149 150 151 152 153 154 155 156 157 158 159 160 161 162 163 164 165 166 167 168 169 170 171 172 173 174 175 176 177 178 179 180 181 182 183 184 185 186 187 188 189 190 191 192 193 194 195 196 197 198 199 200 201 202 203 204 205 206 207 208 209 210 211 212 213 214 215 216 217 218 219 220 221 222 223 224 225 226 227 228 229 230 231 232 233 234 235 236 237 238 239 240 241 242 243 244 245 246 247 248 249 250 
0 3 4 5 6 56 57 58 59 60 61 62 63 64 65 66 67 68 69 70 71 72 73 74 75 76 77 78 79 80 81 82 83 84 85 86 87 88 89 90 91 92 93 94 95 96 97 98 99 100 101 102 103 104 105 106 107 108 109 110 111 112 113 114 115 116 117 118 119 120 121 122 123 124 125 126 127 128 129 130 131 132 133 134 135 136 137 138 139 140 141 142 143 144 145 146 147 148 149 150 151 152 153 154 155 156 157 158 159 160 161 162 163 164 165 166 167 168 169 170 171 172 173 174 175 176 177 178 179 180 181 182 183 184 185 186 187 188 189 190 191 192 193 194 195 196 197 198 199 200 201 202 203 204 205 206 207 208 209 210 211 212 213 214 215 216 217 218 219 220 221 222 223 224 225 226 227 228 229 230 231 232 233 234 235 236 237 238 239 240 241 242 243 244 245 246 247 248 249 250 
56 57 58 59 60 61 62 63 64 65 66 67 68 69 70 71 72 73 74 75 76 77 78 79 80 81 82 83 84 85 86 87 88 89 90 91 92 93 94 95 96 97 98 99 100 101 102 103 104 105 106 107 108 109 110 111 112 113 114 115 116 117 118 119 120 121 122 123 124 125 126 127 128 129 130 131 132 133 134 135 136 137 138 139 140 141 142 143 144 145 146 147 148 149 150 151 152 153 154 155 156 157 158 159 160 161 162 163 164 165 166 167 168 169 170 171 172 173 174 175 176 177 178 179 180 181 182 183 184 185 186 187 188 189 190 191 192 193 194 195 196 197 198 199 200 201 202 203 204 205 206 207 208 209 210 211 212 213 214 215 216 217 218 219 220 221 222 223 224 225 226 227 228 229 230 231 232 233 234 235 236 237 238 239 240 241 242 243 244 245 246 247 248 249 250 329 
56 57 58 59 60 61 62 63 64 65 66 67 68 69 70 71 72 73 74 75 76 77 78 79 80 81 82 83 84 85 86 87 88 89 90 91 92 93 94 95 96 97 98 99 100 101 102 103 104 105 106 107 108 109 110 111 112 113 114 115 116 117 118 119 120 121 122 123 124 125 126 127 128 129 130 131 132 133 134 135 136 137 138 139 140 141 142 143 144 145 146 147 148 149 150 151 152 153 154 155 156 157 158 159 160 161 162 163 164 165 166 167 168 169 170 171 172 173 174 175 176 177 178 179 180 181 182 183 184 185 186 187 188 189 190 191 192 193 194 195 196 197 198 199 200 201 202 203 204 205 206 207 208 209 210 211 212 213 214 215 216 217 218 219 220 221 222 223 224 225 226 227 228 229 230 231 232 233 234 235 236 237 238 239 240 241 242 243 244 245 246 247 248 249 250 
56 57 58 59 60 61 62 63 64 65 66 67 68 69 70 71 72 73 74 75 76 77 78 79 80 81 82 83 84 86 87 88 89 90 91 92 93 94 95 96 97 98 99 100 101 102 103 104 105 106 107 109 111 112 113 114 115 116 117 118 119 120 122 123 124 125 126 127 129 130 131 132 133 134 135 136 137 138 139 140 141 142 143 144 145 146 147 148 149 150 151 152 153 154 155 156 157 158 160 162 164 165 166 169 170 171 172 173 174 175 176 177 178 179 181 182 183 184 185 186 187 188 189 190 194 195 197 198 199 200 201 202 203 204 206 208 209 210 211 212 213 214 215 216 217 218 219 220 221 222 223 224 225 226 228 229 230 231 232 234 235 236 237 238 239 240 241 242 243 244 246 247 248 249 250 399 400 401 
85 108 110 121 128 159 161 163 167 168 180 191 192 193 196 205 207 227 233 245 329 
22 85 108 110 121 128 159 161 163 167 168 180 191 192 193 196 205 207 227 314 315 316 317 344 345 414 
85 108 110 121 128 159 161 163 167 168 180 191 192 193 196 205 207 227 233 245 
266 267 268 269 270 283 284 285 286 392 
49 51 328 329 330 428 429 430 
280 394 
20 21 292 350 370 407 
397 398 418 419 
254 255 256 411 452 453 454 455 456 457 
254 255 256 307 308 309 325 333 334 409 452 453 454 455 456 457 
256 258 354 413 
39 266 267 268 269 270 386 
266 267 268 269 270 291 384 385 427 
279 348 349 392 461 
272 335 336 369 436 438 
406 
16 273 274 275 276 277 278 279 301 302 303 304 305 306 
280 281 282 
280 281 401 
47 48 280 292 417 442 
371 
50 324 329 371 428 
23 34 322 323 329 425 
324 329 375 459 
301 302 303 304 305 306 
293 294 295 296 341 342 432 458 
30 293 294 295 296 307 308 309 375 431 
29 293 294 295 296 341 370 373 427 
26 298 360 361 
301 302 303 304 305 306 310 311 312 313 382 383 405 431 
33 352 387 440 
38 335 336 337 
356 357 358 359 395 450 451 
40 348 377 388 389 390 391 
337 369 
341 342 432 
28 372 424 
384 
41 386 388 389 390 391 427 439 
31 384 
50 
297 
375 
1 4 4 1 1 1 1 4 3 3 3 3 3 3 3 2 3 3 3 3 3 3 2 2 3 2 2 2 2 2 3 3 3 3 3 3 3 3 3 2 3 3 2 2 2 2 2 2 2 3 3 3 3 3 2 2 1 1 1 1 1 1 1 1 1 1 1 1 1 1 1 1 1 1 1 1 1 1 1 1 1 1 1 1 1 4 1 1 1 1 1 1 1 1 1 1 1 1 1 1 1 1 1 1 1 1 1 1 4 1 4 1 1 1 1 1 1 1 1 1 1 4 1 1 1 1 1 1 4 1 1 1 1 1 1 1 1 1 1 1 1 1 1 1 1 1 1 1 1 1 1 1 1 1 1 1 1 1 1 4 1 4 1 4 1 1 1 4 4 1 1 1 1 1 1 1 1 1 1 1 4 1 1 1 1 1 1 1 1 1 1 4 4 4 1 1 4 1 1 1 1 1 1 1 1 4 1 4 1 1 1 1 1 1 1 1 1 1 1 1 1 1 1 1 1 1 1 4 1 2 2 2 2 2 2 2 2 2 2 2 2 2 2 2 2 2 2 2 2 2 2 2 2 2 3 3 3 2 2 3 3 3 3 3 3 3 2 2 2 2 2 2 2 3 3 3 3 3 2 2 3 2 2 3 3 3 3 3 3 3 3 3 2 3 3 3 3 2 3 2 2 2 2 2 2 2 2 2 2 2 2 2 2 2 2 2 2 2 2 2 2 2 2 2 2 2 2 2 3 3 3 3 3 3 3 3 3 2 3 3 2 3 2 2 2 2 2 2 2 2 2 3 3 2 3 2 3 3 3 3 2 3 2 2 2 2 3 3 2 2 2 3 2 2 2 2 2 3 3 3 3 3 3 3 3 2 3 3 2 2 2 2 2 2 3 3 2 2 2 3 3 3 2 2 2 2 3 2 2 3 3 3 3 3 2 3 3 2 3 3 3 3 3 3 3 3 3 2 3 3 3 3 2 3 2 2 3 3 3 2 2 2 2 2 3 3 2 2 2 2 3 3 3 3 3 3 3 3 3 3 3 3 
0 0 0 0 0 0 0 0 0 0 0 0 0 0 0 0 0 0 0 0 0 0 0 0 0 0 0 0 0 0 0 0 0 0 0 0 0 0 0 1 1 1 1 1 1 1 1 1 1 1 1 1 1 1 1 1 1 1 1 1 1 1 1 1 1 1 1 1 1 1 1 1 1 1 1 1 1 1 1 1 1 1 2 2 2 2 2 2 2 2 2 2 2 2 2 2 2 2 2 2 2 2 2 2 2 2 2 2 2 2 2 2 2 2 2 2 2 2 2 2 2 2 2 2 2 2 2 2 2 2 2 3 3 3 3 3 3 3 3 3 3 3 3 3 3 3 3 3 3 3 3 3 3 3 3 3 3 3 3 3 3 3 3 3 3 3 3 3 3 3 3 4 4 4 4 4 4 4 4 4 4 4 4 4 4 4 4 4 4 4 4 4 4 4 4 4 4 4 4 4 4 4 4 4 4 4 5 5 5 5 5 5 5 5 5 5 5 5 5 5 5 5 5 5 5 5 5 5 5 5 5 5 5 5 5 5 5 5 5 6 6 6 6 6 6 6 6 6 6 6 6 6 6 6 6 6 6 6 6 6 6 6 6 6 6 6 6 6 6 6 6 6 6 6 7 7 7 7 7 7 7 7 7 7 7 7 7 7 7 7 7 7 7 7 7 7 7 7 7 7 7 7 7 7 7 7 7 7 7 7 7 7 7 7 7 7 7 7 7 7 7 7 8 8 8 8 8 8 8 8 8 8 8 8 8 8 8 8 8 8 8 8 8 8 8 8 8 8 8 8 8 9 9 9 9 9 9 9 9 9 9 9 9 9 9 9 9 9 9 9 9 9 9 9 9 9 9 9 9 9 9 9 9 9 9 9 9 10 10 10 10 10 10 10 10 10 10 10 10 10 10 10 10 10 10 10 10 10 10 10 10 10 10 10 10 10 10 10 10 10 10 10 10 10 10 10 10 10 10 10 10 10 10 10 10 10 10 11 11 11 11 11 11 11 11 11 11 11 11 11 11 11 11 11 11 11 11 11 11 11 11 11 11 11 11 11 11 11 11 11 11 11 12 12 12 12 12 12 12 12 12 12 12 12 12 12 12 12 12 12 12 12 12 12 12 12 12 12 12 12 12 12 12 12 12 12 12 12 12 12 12 12 12 12 14 14 14 14 14 14 14 14 14 14 14 14 14 14 14 14 14 14 14 14 14 14 14 14 14 14 14 14 14 14 14 14 14 14 14 14 14 14 14 14 14 14 14 15 15 15 15 15 15 15 15 15 15 15 15 15 15 15 15 15 15 15 15 15 15 15 15 15 15 15 15 15 15 16 16 16 16 16 16 16 16 16 16 16 16 16 16 16 16 16 16 16 16 16 16 16 16 16 16 16 16 16 16 16 16 16 16 16 16 16 16 16 16 16 16 16 16 17 17 17 17 17 17 17 17 17 17 17 17 17 17 17 17 17 17 17 17 17 17 17 17 17 17 17 17 17 17 17 17 17 17 17 17 17 17 17 17 17 18 18 18 18 18 18 18 18 18 18 18 18 18 18 18 18 18 18 18 18 18 18 18 18 18 18 18 18 18 18 18 19 19 19 19 19 19 19 19 19 19 19 19 19 19 19 19 19 19 19 19 19 19 19 19 19 19 19 19 19 20 20 20 20 20 20 20 20 20 20 20 20 20 20 20 20 20 20 20 20 20 20 20 20 20 20 20 20 20 20 20 20 20 20 20 20 20 20 20 20 20 20 21 21 21 21 21 21 21 21 21 21 21 21 21 21 21 21 21 21 21 21 21 21 21 21 21 21 21 21 21 21 21 21 21 21 21 21 21 21 21 21 21 21 22 22 22 22 22 22 22 22 22 22 22 22 22 22 22 22 22 22 22 22 22 22 22 22 22 22 22 22 22 22 22 22 22 22 22 22 23 23 23 23 23 23 23 23 23 23 23 23 23 23 23 23 23 23 23 23 23 23 23 23 23 23 23 23 23 24 24 24 24 24 24 24 24 24 24 24 24 24 24 24 24 24 24 24 24 24 24 24 24 24 24 24 24 24 24 24 24 24 24 24 24 24 24 24 24 24 24 24 24 24 24 25 25 25 25 25 25 25 25 25 25 25 25 25 25 25 25 25 25 25 25 25 25 25 25 25 25 25 25 25 25 26 26 26 26 26 26 26 26 26 26 26 26 26 26 26 26 26 26 26 26 26 26 26 26 26 26 26 26 26 26 26 26 26 26 28 28 28 28 28 28 28 28 28 28 28 28 28 28 28 28 28 28 28 28 28 28 28 28 28 28 28 28 28 29 29 29 29 29 29 29 29 29 29 29 29 29 29 29 29 29 29 29 29 29 29 29 29 29 29 29 29 29 29 29 29 29 29 29 30 30 30 30 30 30 30 30 30 30 30 30 30 30 30 30 30 30 30 30 30 30 30 30 30 30 30 30 30 30 30 30 30 30 30 30 30 30 30 30 30 30 30 30 30 30 31 31 31 31 31 31 31 31 31 31 31 31 31 31 31 31 31 31 31 31 31 31 31 31 31 31 31 31 31 31 31 31 31 31 31 31 31 31 32 32 32 32 32 32 32 32 32 32 32 32 32 32 32 32 32 32 32 32 32 32 32 32 32 32 32 32 32 33 33 33 33 33 33 33 33 33 33 33 33 33 33 33 33 33 33 33 33 33 33 33 33 33 33 33 33 33 33 33 33 33 33 33 33 33 33 33 33 33 33 33 33 33 34 34 34 34 34 34 34 34 34 34 34 34 34 34 34 34 34 34 34 34 34 34 34 34 34 34 34 34 34 34 34 34 34 34 34 34 34 34 34 34 34 34 34 34 35 35 35 35 35 35 35 35 35 35 35 35 35 35 35 35 35 35 35 35 35 35 35 35 35 35 36 36 36 36 36 36 36 36 36 36 36 36 36 36 36 36 36 36 36 36 36 36 36 36 36 36 37 37 37 37 37 37 37 37 37 37 37 37 37 37 37 37 37 37 37 37 37 37 37 37 37 37 37 37 37 37 37 37 37 37 37 37 37 37 37 37 38 38 38 38 38 38 38 38 38 38 38 38 38 38 38 38 38 38 38 38 38 38 38 38 38 38 38 38 38 38 38 38 38 38 38 38 38 38 38 38 38 38 38 38 38 38 38 38 39 39 39 39 39 39 39 39 39 39 39 39 39 39 39 39 39 39 39 39 39 39 39 39 39 39 39 40 40 40 40 40 40 40 40 40 40 40 40 40 40 40 40 40 40 40 40 40 40 40 40 40 40 40 40 40 40 40 40 40 41 41 41 41 41 41 41 41 41 41 41 41 41 41 41 41 41 41 41 41 41 41 41 41 41 41 41 41 41 41 41 41 41 41 41 42 42 42 42 42 42 42 42 42 42 42 42 42 42 42 42 42 42 42 42 42 42 42 42 42 42 43 43 43 43 43 43 43 43 43 43 43 43 43 43 43 43 43 43 43 43 43 43 43 43 43 43 43 43 44 44 44 44 44 44 44 44 44 44 44 44 44 44 44 44 44 44 44 44 44 44 44 44 44 44 44 45 45 45 45 45 45 45 45 45 45 45 45 45 45 45 45 45 45 45 45 45 45 45 45 45 45 45 45 46 46 46 46 46 46 46 46 46 46 46 46 46 46 46 46 46 46 46 46 46 46 46 46 46 46 46 46 47 47 47 47 47 47 47 47 47 47 47 47 47 47 47 47 47 47 47 47 47 47 47 47 47 47 47 47 47 48 48 48 48 48 48 48 48 48 48 48 48 48 48 48 48 48 48 48 48 48 48 48 48 49 49 49 49 49 49 49 49 49 49 49 49 49 49 49 49 49 49 49 49 49 49 49 49 49 49 49 49 49 49 49 49 50 50 50 50 50 50 50 50 50 50 50 50 50 50 50 50 50 50 50 50 50 50 50 50 50 50 50 50 50 50 50 50 50 50 50 50 50 50 50 50 50 50 50 51 51 51 51 51 51 51 51 51 51 51 51 51 51 51 51 51 51 51 51 51 51 51 51 51 51 51 51 51 51 51 51 52 52 52 52 52 52 52 52 52 52 52 52 52 52 52 52 52 52 52 52 52 52 52 52 52 52 52 52 52 52 52 52 52 52 52 52 52 52 52 52 52 52 53 53 53 53 53 53 53 53 53 53 53 53 53 53 53 53 53 53 53 53 53 53 53 53 53 53 53 53 53 53 53 53 53 53 53 53 53 53 53 53 54 54 54 54 54 54 54 54 54 54 54 54 54 54 54 54 54 54 54 54 54 54 54 54 54 54 54 54 54 54 54 54 54 54 54 55 55 55 55 55 55 55 55 55 55 55 55 55 55 55 55 55 55 55 55 55 55 55 55 55 55 55 56 56 56 56 56 56 56 56 56 56 56 56 56 56 56 56 57 57 57 57 57 57 57 57 57 57 57 57 57 57 57 57 57 57 57 57 57 57 57 57 57 57 57 57 57 57 58 58 58 58 58 58 58 58 58 58 58 58 58 58 58 58 58 58 58 58 58 58 58 59 59 59 59 59 59 59 59 59 59 59 59 59 59 59 59 59 59 59 59 59 60 60 60 60 60 60 60 60 60 60 60 60 60 60 60 60 60 60 60 60 60 60 60 60 60 60 60 61 61 61 61 61 61 61 61 61 61 61 61 61 61 61 61 61 62 62 62 62 62 62 62 62 62 62 62 62 62 62 62 62 62 62 62 63 63 63 63 63 63 63 63 63 63 63 63 63 63 63 63 63 64 64 64 64 64 64 64 64 64 64 64 64 64 64 64 64 64 64 64 64 64 64 64 65 65 65 65 65 65 65 65 65 65 65 65 65 65 65 65 65 65 65 65 65 66 66 66 66 66 66 66 66 66 66 66 66 66 66 66 66 66 66 66 66 66 66 66 66 66 66 66 66 66 66 67 67 67 67 67 67 67 67 67 67 67 67 67 67 67 67 67 67 67 67 67 67 67 67 67 67 67 67 68 68 68 68 68 68 68 68 68 68 68 68 68 68 68 68 68 68 69 69 69 69 69 69 69 69 69 69 69 69 69 69 69 69 69 69 69 69 69 69 69 69 69 69 69 70 70 70 70 70 70 70 70 70 70 70 70 70 70 70 70 70 70 70 70 70 70 70 70 70 70 71 71 71 71 71 71 71 71 71 71 71 71 71 71 71 71 71 71 71 72 72 72 72 72 72 72 72 72 72 72 72 72 72 72 72 73 73 73 73 73 73 73 73 73 73 73 73 73 73 73 73 73 73 73 74 74 74 74 74 74 74 74 74 74 74 74 74 74 74 74 74 74 74 74 74 74 74 74 74 74 74 74 74 74 74 74 74 74 74 74 74 74 74 74 74 74 74 74 74 75 75 75 75 75 75 75 75 75 75 75 75 75 75 75 75 75 75 75 75 75 75 75 76 76 76 76 76 76 76 76 76 76 76 76 76 76 76 76 76 76 76 76 76 76 76 76 76 76 77 77 77 77 77 77 77 77 77 77 77 77 77 77 77 77 77 77 77 77 78 78 78 78 78 78 78 78 78 78 78 78 78 78 78 78 78 78 78 78 78 78 78 78 78 78 78 78 79 79 79 79 79 79 79 79 79 79 79 79 79 79 79 79 79 79 79 79 79 79 79 79 79 79 80 80 80 80 80 80 80 80 80 80 80 80 80 80 80 81 81 81 81 81 81 81 81 81 81 81 81 81 81 81 81 81 81 81 81 81 81 82 82 82 82 82 82 82 82 82 82 82 82 82 82 83 83 83 83 83 83 83 83 83 83 83 83 83 83 83 83 83 83 83 83 83 83 84 84 84 84 84 84 84 84 84 84 84 84 84 84 84 84 84 84 84 84 84 84 85 85 85 85 85 85 85 85 85 85 85 85 85 85 85 85 85 85 85 85 85 85 85 85 85 85 85 85 85 85 85 85 85 85 85 85 85 85 85 85 85 86 86 86 86 86 86 86 86 86 86 86 86 86 86 86 86 86 86 86 86 86 86 86 86 86 86 86 87 87 87 87 87 87 87 87 87 87 87 87 87 87 87 87 87 87 87 87 87 87 87 87 87 87 87 87 87 88 88 88 88 88 88 88 88 88 88 88 88 88 88 88 88 88 88 88 88 88 88 88 88 88 88 89 89 89 89 89 89 89 89 89 89 89 89 89 89 89 89 89 89 89 89 89 89 89 90 90 90 90 90 90 90 90 90 90 90 90 90 90 90 90 90 90 90 90 90 90 91 91 91 91 91 91 91 91 91 91 91 91 91 91 91 91 91 91 92 92 92 92 92 92 92 92 92 92 92 92 92 92 92 92 92 92 92 92 92 92 92 92 92 92 93 93 93 93 93 93 93 93 93 93 93 93 93 93 93 93 93 93 93 93 93 94 94 94 94 94 94 94 94 94 94 94 94 94 94 94 94 94 94 95 95 95 95 95 95 95 95 95 95 95 95 95 95 95 95 95 95 96 96 96 96 96 96 96 96 96 96 96 96 96 97 97 97 97 97 97 97 97 97 97 97 97 97 97 97 97 97 97 97 97 97 97 97 98 98 98 98 98 98 98 98 98 98 98 98 98 98 98 98 98 98 98 98 98 98 98 98 98 99 99 99 99 99 99 99 99 99 99 99 99 100 100 100 100 100 100 100 100 100 100 100 100 100 100 100 100 100 101 101 101 101 101 101 101 101 101 101 101 101 101 101 101 101 102 102 102 102 102 102 102 102 102 102 102 102 102 102 102 102 102 102 102 102 102 102 103 103 103 103 103 103 103 103 103 103 103 103 103 103 103 104 104 104 104 104 104 104 104 104 104 104 104 104 104 104 104 104 104 105 105 105 105 105 105 105 105 105 105 105 105 105 105 105 105 105 106 106 106 106 106 106 106 106 106 106 106 106 106 106 106 106 106 106 106 106 106 106 106 107 107 107 107 107 107 107 107 107 107 107 107 107 107 107 107 107 108 108 108 108 108 108 108 108 108 108 108 108 108 108 108 108 108 108 108 108 108 108 108 108 108 108 108 108 108 108 108 108 108 108 108 108 108 108 108 108 109 109 109 109 109 109 109 109 109 109 109 109 109 109 109 109 109 109 109 109 109 110 110 110 110 110 110 110 110 110 110 110 110 110 110 110 110 110 110 110 110 110 110 110 110 110 110 110 110 110 110 111 111 111 111 111 111 111 111 111 111 111 111 111 111 111 111 111 111 111 111 111 111 112 112 112 112 112 112 112 112 112 112 112 112 112 112 112 112 112 112 112 112 112 112 112 112 112 112 112 112 112 112 112 112 112 112 112 112 113 113 113 113 113 113 113 113 113 113 113 113 113 113 113 113 113 113 113 113 113 114 114 114 114 114 114 114 114 114 114 114 114 114 114 114 114 114 114 114 114 115 115 115 115 115 115 115 115 115 115 115 115 115 115 115 115 115 115 115 115 115 115 115 115 116 116 116 116 116 116 116 116 116 116 116 116 116 116 116 116 116 116 116 116 116 116 116 116 116 116 117 117 117 117 117 117 117 117 117 117 117 117 117 117 117 118 118 118 118 118 118 118 118 118 118 118 118 118 118 118 118 118 118 118 118 118 118 118 118 118 118 118 119 119 119 119 119 119 119 119 119 119 119 119 119 119 119 119 120 120 120 120 120 120 120 120 120 120 120 120 120 120 120 120 120 120 120 120 120 121 121 121 121 121 121 121 121 121 121 121 121 121 121 121 121 121 121 121 121 121 121 121 121 121 121 121 121 122 122 122 122 122 122 122 122 122 122 122 122 122 122 122 122 122 122 122 122 122 122 122 122 122 123 123 123 123 123 123 123 123 123 123 123 123 123 123 123 123 123 123 123 123 123 123 123 124 124 124 124 124 124 124 124 124 124 124 124 124 124 124 124 124 124 124 124 125 125 125 125 125 125 125 125 125 125 125 125 125 125 125 125 125 125 125 125 125 125 125 125 125 125 126 126 126 126 126 126 126 126 126 126 126 126 126 126 126 126 127 127 127 127 127 127 127 127 127 127 127 127 127 127 127 127 127 127 127 127 128 128 128 128 128 128 128 128 128 128 128 128 128 128 128 128 128 128 128 128 128 128 128 128 128 128 128 128 128 128 128 128 128 128 129 129 129 129 129 129 129 129 129 129 129 129 129 129 130 130 130 130 130 130 130 130 130 130 130 130 130 130 130 130 130 130 131 131 131 131 131 131 131 131 131 131 131 131 131 131 131 131 131 131 131 131 131 131 131 131 131 132 132 132 132 132 132 132 132 132 132 132 132 132 132 132 132 132 132 132 132 132 132 132 132 132 133 133 133 133 133 133 133 133 133 133 133 133 133 133 133 133 133 133 133 134 134 134 134 134 134 134 134 134 134 134 134 134 134 134 134 134 134 134 134 134 134 134 134 135 135 135 135 135 135 135 135 135 135 135 135 135 135 135 136 136 136 136 136 136 136 136 136 136 136 136 136 136 136 136 136 136 136 136 137 137 137 137 137 137 137 137 137 137 137 137 137 137 137 137 137 137 137 137 137 138 138 138 138 138 138 138 138 138 138 138 138 138 138 138 138 138 138 138 138 138 138 138 138 138 139 139 139 139 139 139 139 139 139 139 139 139 139 139 139 139 139 139 139 139 140 140 140 140 140 140 140 140 140 140 140 140 140 140 140 140 140 140 141 141 141 141 141 141 141 141 141 141 141 141 141 141 141 141 141 141 141 141 141 141 141 142 142 142 142 142 142 142 142 142 142 142 142 142 142 142 142 142 142 142 142 142 142 142 142 143 143 143 143 143 143 143 143 143 143 143 143 143 143 143 143 143 143 143 143 143 143 144 144 144 144 144 144 144 144 144 144 144 144 144 144 144 144 144 144 144 144 145 145 145 145 145 145 145 145 145 145 145 145 145 145 145 145 146 146 146 146 146 146 146 146 146 146 146 146 146 146 147 147 147 147 147 147 147 147 147 147 147 147 147 147 147 147 147 147 147 147 147 147 147 148 148 148 148 148 148 148 148 148 148 148 148 148 148 148 148 148 148 148 148 148 148 149 149 149 149 149 149 149 149 149 149 149 149 149 149 149 149 149 150 150 150 150 150 150 150 150 150 150 150 150 150 150 150 150 150 150 150 150 150 150 150 150 151 151 151 151 151 151 151 151 151 151 151 151 151 151 151 151 151 151 151 151 151 151 151 151 151 151 151 151 151 151 151 152 152 152 152 152 152 152 152 152 152 152 152 152 152 152 152 152 152 152 153 153 153 153 153 153 153 153 153 153 153 153 153 153 154 154 154 154 154 154 154 154 154 154 154 154 154 154 154 154 154 154 154 154 154 155 155 155 155 155 155 155 155 155 155 155 155 155 155 155 155 155 155 155 156 156 156 156 156 156 156 156 156 156 156 156 156 157 157 157 157 157 157 157 157 157 157 157 157 157 157 157 157 157 157 157 157 157 157 157 157 157 158 158 158 158 158 158 158 158 158 158 158 158 158 158 158 158 158 159 159 159 159 159 159 159 159 159 159 159 159 159 159 159 159 159 159 159 159 159 159 159 159 159 159 160 160 160 160 160 160 160 160 160 160 160 160 160 160 160 160 160 160 161 161 161 161 161 161 161 161 161 161 161 161 161 161 161 161 161 161 161 161 161 161 161 161 161 161 161 161 161 161 161 162 162 162 162 162 162 162 162 162 162 162 162 162 162 162 162 162 162 162 162 162 162 163 163 163 163 163 163 163 163 163 163 163 163 163 163 163 163 163 163 163 163 163 163 163 163 163 163 163 163 163 163 163 164 164 164 164 164 164 164 164 164 164 164 164 164 164 164 164 164 164 164 165 165 165 165 165 165 165 165 165 165 165 165 165 165 165 165 165 165 165 165 165 165 165 166 166 166 166 166 166 166 166 166 166 166 166 166 166 166 166 166 166 166 166 166 167 167 167 167 167 167 167 167 167 167 167 167 167 167 167 167 167 167 167 167 167 167 167 167 167 167 167 167 167 167 167 168 168 168 168 168 168 168 168 168 168 168 168 168 168 168 168 168 168 168 168 168 168 168 168 168 168 168 168 168 168 168 169 169 169 169 169 169 169 169 169 169 169 169 169 169 169 169 169 169 170 170 170 170 170 170 170 170 170 170 170 170 170 170 170 170 170 170 170 170 170 170 170 170 170 170 171 171 171 171 171 171 171 171 171 171 171 171 171 171 171 171 171 171 172 172 172 172 172 172 172 172 172 172 172 172 172 172 172 172 172 172 172 172 172 172 173 173 173 173 173 173 173 173 173 173 173 173 173 173 174 174 174 174 174 174 174 174 174 174 174 174 174 174 174 174 174 174 174 174 174 175 175 175 175 175 175 175 175 175 175 175 175 175 175 175 175 175 175 175 175 175 175 175 175 175 175 175 175 175 176 176 176 176 176 176 176 176 176 176 176 176 176 176 176 176 176 176 176 176 176 177 177 177 177 177 177 177 177 177 177 177 177 177 177 177 178 178 178 178 178 178 178 178 178 178 178 178 178 178 178 178 178 179 179 179 179 179 179 179 179 179 179 179 179 179 179 179 179 179 179 179 179 179 179 179 179 179 179 179 179 180 180 180 180 180 180 180 180 180 180 180 180 180 180 180 180 180 180 180 180 180 180 180 180 180 180 181 181 181 181 181 181 181 181 181 181 181 181 181 181 181 181 181 181 181 181 181 181 181 181 181 181 181 182 182 182 182 182 182 182 182 182 182 182 182 182 182 182 183 183 183 183 183 183 183 183 183 183 183 183 183 183 183 183 183 183 183 184 184 184 184 184 184 184 184 184 184 184 184 184 184 184 184 184 184 184 184 185 185 185 185 185 185 185 185 185 185 185 185 185 185 185 185 186 186 186 186 186 186 186 186 186 186 186 186 186 186 186 186 186 187 187 187 187 187 187 187 187 187 187 187 187 187 187 187 187 187 187 187 187 187 187 188 188 188 188 188 188 188 188 188 188 188 188 188 188 188 189 189 189 189 189 189 189 189 189 189 189 189 189 189 190 190 190 190 190 190 190 190 190 190 190 190 190 190 191 191 191 191 191 191 191 191 191 191 191 191 191 191 191 191 191 191 191 191 191 191 191 191 191 191 191 191 192 192 192 192 192 192 192 192 192 192 192 192 192 192 192 192 192 192 192 192 192 192 192 192 192 192 192 193 193 193 193 193 193 193 193 193 193 193 193 193 193 193 193 193 193 193 193 193 193 193 193 193 194 194 194 194 194 194 194 194 194 194 194 194 194 195 195 195 195 195 195 195 195 195 195 195 195 195 195 195 195 195 196 196 196 196 196 196 196 196 196 196 196 196 196 196 196 196 196 196 196 196 196 196 196 196 196 196 196 196 196 197 197 197 197 197 197 197 197 197 197 197 197 197 197 198 198 198 198 198 198 198 198 198 198 198 198 198 198 198 198 198 198 198 198 198 198 198 199 199 199 199 199 199 199 199 199 199 199 199 199 199 199 199 199 199 199 199 199 200 200 200 200 200 200 200 200 200 200 200 200 200 200 200 200 200 200 200 201 201 201 201 201 201 201 201 201 201 201 201 201 201 201 201 201 201 201 201 202 202 202 202 202 202 202 202 202 202 202 202 202 202 202 202 202 202 203 203 203 203 203 203 203 203 203 203 203 203 203 203 203 203 203 203 203 204 204 204 204 204 204 204 204 204 204 204 204 204 204 204 204 204 204 205 205 205 205 205 205 205 205 205 205 205 205 205 205 205 205 205 205 205 205 205 205 205 205 206 206 206 206 206 206 206 206 206 206 206 206 206 206 206 206 206 206 206 206 206 206 206 206 206 206 206 206 207 207 207 207 207 207 207 207 207 207 207 207 207 207 207 207 207 207 207 207 207 207 207 207 208 208 208 208 208 208 208 208 208 208 208 208 208 208 208 208 208 209 209 209 209 209 209 209 209 209 209 209 209 209 209 209 209 210 210 210 210 210 210 210 210 210 210 210 210 210 210 210 210 210 210 210 210 210 210 210 210 210 210 211 211 211 211 211 211 211 211 211 211 211 211 211 211 211 211 211 211 211 211 211 211 211 211 211 211 211 211 212 212 212 212 212 212 212 212 212 212 212 212 212 212 212 212 212 212 212 213 213 213 213 213 213 213 213 213 213 213 213 213 213 213 213 213 213 213 213 213 213 213 213 214 214 214 214 214 214 214 214 214 214 214 214 214 214 214 214 214 214 214 214 214 214 214 214 214 214 214 214 214 214 214 215 215 215 215 215 215 215 215 215 215 215 215 215 215 215 215 215 215 216 216 216 216 216 216 216 216 216 216 216 216 216 216 216 217 217 217 217 217 217 217 217 217 217 217 217 217 217 217 217 217 217 217 217 217 217 217 218 218 218 218 218 218 218 218 218 218 218 218 218 218 218 218 218 218 219 219 219 219 219 219 219 219 219 219 219 219 220 220 220 220 220 220 220 220 220 220 220 220 220 220 220 220 221 221 221 221 221 221 221 221 221 221 222 222 222 222 222 222 222 222 222 222 222 222 222 222 222 223 223 223 223 223 223 223 223 223 223 223 223 223 223 223 223 223 223 224 224 224 224 224 224 224 224 224 224 224 224 224 224 224 224 224 224 225 225 225 225 225 225 225 225 225 225 225 225 225 225 225 225 225 225 226 226 226 226 226 226 226 226 226 226 226 226 226 226 226 226 226 226 226 227 227 227 227 227 227 227 227 227 227 227 227 227 227 227 227 227 227 227 227 227 227 227 227 227 227 227 227 228 228 228 228 228 228 228 228 228 228 228 228 228 228 228 229 229 229 229 229 229 229 229 229 229 229 229 229 229 229 229 229 229 229 229 229 229 230 230 230 230 230 230 230 230 230 230 230 230 230 230 230 230 230 230 230 230 230 231 231 231 231 231 231 231 231 231 231 231 231 231 231 231 231 231 231 231 231 231 232 232 232 232 232 232 232 232 232 232 232 232 232 232 232 232 232 232 232 233 233 233 233 233 233 233 233 233 233 233 233 233 233 233 233 233 233 233 233 233 234 234 234 234 234 234 234 234 234 234 234 234 234 234 234 234 234 234 234 234 235 235 235 235 235 235 235 235 235 235 235 235 235 235 235 235 235 235 236 236 236 236 236 236 236 236 236 236 236 236 236 236 236 236 236 236 236 236 236 237 237 237 237 237 237 237 237 237 237 237 237 237 237 237 237 237 237 237 237 238 238 238 238 238 238 238 238 238 238 238 238 238 238 238 238 238 238 238 239 239 239 239 239 239 239 239 239 239 239 239 239 239 239 239 239 239 239 239 240 240 240 240 240 240 240 240 240 240 240 240 240 240 240 240 240 240 241 241 241 241 241 241 241 241 241 241 241 241 241 241 241 241 241 242 242 242 242 242 242 242 242 242 242 242 242 242 242 242 242 242 242 242 242 243 243 243 243 243 243 243 243 243 243 243 243 243 243 243 243 243 243 243 244 244 244 244 244 244 244 244 244 244 244 244 244 244 244 244 244 244 244 245 245 245 245 245 245 245 245 245 245 245 245 245 245 245 245 245 245 246 246 246 246 246 246 246 246 246 246 246 246 246 246 246 246 246 247 247 247 247 247 247 247 247 247 247 247 247 247 247 247 247 247 247 248 248 248 248 248 248 248 248 248 248 248 248 248 248 248 248 248 248 248 249 249 249 249 249 249 249 249 249 249 249 249 249 249 249 249 250 250 250 250 250 250 250 250 250 250 250 250 250 250 250 250 250 250 251 251 251 251 251 251 251 251 251 251 251 251 251 251 251 252 252 252 252 252 252 252 252 252 252 252 252 252 252 252 253 253 253 253 253 253 253 253 253 253 253 253 253 253 254 254 254 254 254 254 254 254 254 254 254 254 254 254 254 254 254 254 255 255 255 255 255 255 255 255 255 255 255 255 255 255 255 255 255 255 255 255 256 256 256 256 256 256 256 256 256 256 256 256 256 257 257 257 257 257 257 257 257 257 257 258 258 258 258 258 258 258 258 258 258 258 258 258 258 258 258 258 258 258 258 258 258 258 258 258 258 258 258 258 258 258 258 258 258 258 258 258 258 258 258 258 258 258 258 258 258 258 258 258 258 258 258 258 258 258 258 258 258 258 258 258 258 259 259 259 259 259 259 259 259 259 259 259 259 259 259 259 259 259 259 259 259 259 260 260 260 260 260 260 260 260 260 260 260 260 260 260 260 260 260 260 260 260 260 260 260 260 260 260 260 261 261 261 261 261 261 261 261 261 261 261 261 261 261 261 261 261 261 261 261 261 261 261 261 261 261 262 262 262 262 262 262 262 262 262 262 262 262 262 262 262 262 262 262 262 262 262 262 262 262 262 262 262 262 262 263 263 263 263 263 263 263 263 263 263 263 263 263 263 263 263 263 263 264 264 264 264 264 264 264 264 264 264 264 264 264 264 264 264 264 264 264 264 264 264 265 265 265 265 265 265 265 265 265 265 265 265 265 265 265 265 265 265 265 265 265 265 265 265 265 265 266 266 266 266 266 266 266 266 266 266 266 266 266 266 266 266 266 266 266 266 267 267 267 267 267 267 267 267 267 267 267 267 267 268 268 268 268 268 268 268 268 268 268 268 268 268 269 269 269 269 269 269 269 269 269 269 269 269 269 269 269 269 269 270 270 270 270 270 270 270 270 270 270 270 270 270 270 270 270 271 271 271 271 271 271 271 271 271 271 271 271 271 271 271 271 272 272 272 272 272 272 272 272 272 273 273 273 273 273 273 273 273 273 273 273 273 273 273 273 273 273 273 274 274 274 274 274 274 274 274 274 274 274 274 274 274 274 274 274 274 275 275 275 275 275 275 275 275 275 275 275 275 275 275 275 275 275 275 275 275 275 275 275 275 275 276 276 276 276 276 276 276 276 276 276 276 276 276 276 276 277 277 277 277 277 277 277 277 277 277 277 277 277 277 277 277 277 277 277 277 277 277 277 277 277 278 278 278 278 278 278 278 278 279 279 279 279 279 279 280 280 280 280 280 280 280 280 280 280 280 280 280 281 281 281 281 281 281 281 282 282 282 282 282 282 282 282 282 282 282 282 282 282 282 282 282 282 282 282 283 283 283 283 283 283 283 283 283 283 284 284 284 284 284 284 284 284 284 285 285 285 285 285 285 285 285 286 286 286 286 286 286 286 287 287 287 287 287 288 288 288 288 288 288 288 288 288 288 288 288 288 289 289 289 289 289 289 289 289 289 289 289 289 289 289 289 289 289 289 289 290 290 290 290 290 290 290 290 290 290 290 291 291 291 291 291 291 291 291 291 291 291 291 292 292 292 292 292 292 292 292 293 293 293 293 293 293 293 293 293 293 294 294 294 294 294 294 294 294 294 295 295 295 295 295 295 295 295 295 295 295 295 295 296 296 296 296 296 296 296 297 297 297 297 297 297 297 297 298 298 298 298 298 298 298 298 298 298 298 298 298 298 298 298 298 298 299 299 299 299 299 299 299 299 299 299 300 300 300 300 300 300 300 300 300 301 301 301 301 301 301 301 301 301 301 301 301 301 301 301 301 301 301 301 301 302 302 302 302 302 302 302 302 302 302 302 302 302 302 302 302 302 302 302 303 303 303 303 303 303 303 303 303 303 303 303 303 303 303 303 303 303 303 304 304 304 304 304 304 304 304 304 304 304 304 304 304 304 304 304 304 305 305 305 305 305 305 305 305 305 305 305 305 305 305 305 305 305 305 306 306 306 306 306 306 306 306 306 306 306 306 306 306 306 306 306 307 307 307 307 307 307 307 307 307 307 307 307 307 307 307 307 307 308 308 308 308 308 308 308 308 308 308 308 308 308 308 308 309 309 309 309 309 309 309 310 310 310 310 310 310 310 310 310 310 310 310 310 310 310 310 311 311 311 311 311 311 311 311 311 311 311 311 311 311 312 312 312 312 312 312 312 312 312 312 312 312 312 312 312 313 313 313 313 313 313 313 313 313 313 313 313 313 313 314 314 314 314 314 314 314 314 314 314 314 314 314 314 314 314 314 314 314 314 315 315 315 315 315 315 315 315 315 315 315 315 315 315 315 315 315 315 315 316 316 316 316 316 316 316 316 316 316 316 316 316 316 316 316 316 316 317 317 317 317 317 317 317 317 317 317 317 317 317 317 317 317 317 318 318 318 318 318 318 318 318 318 318 318 318 318 318 318 318 319 319 319 319 319 319 319 319 319 319 319 319 319 319 319 320 320 320 320 320 320 320 320 320 320 320 321 321 321 321 321 322 322 322 322 322 322 322 322 322 322 323 323 323 323 323 323 323 323 323 323 323 324 324 324 324 324 324 324 324 324 324 324 325 325 325 325 326 326 326 326 326 326 326 327 327 327 327 327 327 327 327 328 328 328 328 328 328 328 328 328 328 328 328 329 329 329 329 329 329 329 329 329 329 329 329 330 330 330 330 330 330 330 330 330 330 330 330 330 330 331 331 331 331 331 331 331 331 331 331 332 332 332 332 332 332 332 332 332 332 332 332 332 332 333 333 333 333 333 333 333 333 333 333 333 333 333 333 333 333 333 333 333 333 334 334 334 334 334 334 334 334 334 334 334 334 334 335 335 335 335 335 335 335 335 335 335 335 335 336 336 336 336 336 336 336 336 336 337 337 337 337 337 337 337 337 338 338 338 338 338 338 338 338 338 338 338 338 338 338 338 338 339 339 339 339 339 339 339 340 340 340 340 341 341 341 341 341 341 341 341 341 341 341 341 341 341 342 342 342 342 342 342 342 342 342 343 343 343 343 343 343 343 343 343 343 343 343 343 343 343 343 343 343 343 343 343 343 343 343 343 343 343 343 343 343 343 343 343 343 343 344 344 344 344 344 344 344 344 344 344 345 345 345 345 345 345 345 345 345 346 346 346 346 346 346 346 346 346 346 346 346 346 346 346 346 347 347 347 347 347 347 347 347 347 348 348 348 348 348 348 348 349 349 349 349 349 349 349 349 349 350 350 350 350 350 351 351 351 351 351 351 351 351 351 351 352 352 352 352 352 352 352 352 352 352 352 352 352 352 352 352 353 353 353 353 353 353 353 353 354 354 354 354 354 354 354 354 354 354 354 354 354 354 354 355 355 355 355 355 355 356 356 356 356 356 356 356 356 356 357 357 357 357 357 357 358 358 358 358 358 358 359 359 359 359 359 359 359 359 359 359 359 360 360 360 360 361 361 361 361 361 361 362 362 362 362 362 363 363 363 363 364 364 364 364 364 364 365 365 365 365 365 366 366 366 366 367 367 367 367 367 367 367 367 368 368 368 368 368 368 368 368 368 368 368 368 368 368 368 369 369 369 369 369 369 369 369 369 370 370 370 370 371 371 371 371 371 371 371 371 371 372 372 372 373 373 373 374 374 374 375 375 375 375 375 375 375 375 375 376 376 376 376 376 376 376 376 376 377 377 377 377 377 377 377 378 378 378 378 379 379 379 379 380 380 380 380 380 380 380 381 381 381 381 381 381 381 382 383 383 384 384 384 384 384 384 384 384 384 384 384 384 384 385 385 385 385 385 385 385 385 386 386 386 386 387 387 387 387 388 388 388 388 389 389 390 390 390 390 390 390 390 390 391 391 391 391 391 391 391 391 391 392 392 392 393 393 393 393 393 393 393 393 393 393 394 394 394 394 394 394 394 394 394 394 394 395 396 396 396 396 396 396 397 397 398 398 399 399 399 399 399 399 399 399 399 399 399 400 400 400 400 400 400 400 400 400 401 402 402 402 402 402 402 402 402 403 403 403 403 403 403 404 405 405 405 405 405 405 405 406 406 406 406 406 406 406 406 406 407 407 407 407 407 407 407 407 408 409 409 409 409 409 409 409 409 410 410 410 411 411 411 411 411 411 412 412 412 412 412 412 412 413 413 413 413 413 413 413 413 414 414 414 414 414 414 414 414 414 414 414 415 415 415 416 416 417 417 417 417 417 418 418 418 418 419 419 419 419 419 419 419 419 422 422 422 422 422 422 423 423 423 424 424 424 424 424 425 425 425 425 425 425 426 426 426 426 426 427 427 427 427 428 428 429 430 431 432 432 432 432 434 434 435 435 436 436 436 436 437 437 437 437 437 439 439 439 440 441 443 443 443 444 445 445 445 446 446 447 447 447 448 448 448 449 449 452 453 455 12 17 23 35 36 47 75 106 111 120 128 152 168 184 212 215 258 271 314 315 316 317 341 343 344 345 347 353 369 371 380 381 386 387 389 398 401 438 449 15 68 94 105 114 126 136 158 167 171 173 186 188 189 196 208 209 216 228 229 236 242 248 257 258 295 311 327 330 331 334 335 341 343 350 355 361 370 372 374 408 429 438 7 26 30 57 70 74 78 85 88 98 112 116 132 141 157 165 172 176 187 199 213 214 217 233 245 261 277 282 298 308 333 342 352 359 393 403 409 414 418 419 423 425 437 443 444 445 446 450 451 16 19 42 45 49 51 61 63 72 80 82 96 99 117 135 145 146 153 156 159 193 194 219 221 272 292 293 294 296 322 325 340 348 364 365 373 397 441 442 458 21 31 37 48 58 81 133 140 154 180 185 222 226 264 268 269 270 274 310 312 313 321 349 384 385 396 409 411 426 428 434 435 449 456 457 12 17 23 35 36 47 77 128 168 224 258 271 314 315 316 317 341 343 344 345 347 353 369 371 380 381 386 387 389 398 401 438 449 21 31 37 48 73 91 97 100 101 102 109 139 180 264 268 269 270 274 310 312 313 321 349 384 385 396 409 411 426 428 434 435 449 456 457 26 30 57 70 74 78 85 88 98 112 116 132 141 157 165 172 176 187 199 213 214 217 233 245 261 277 282 298 308 333 342 352 359 393 403 409 414 418 419 423 425 437 443 444 445 446 450 451 22 54 66 87 108 118 170 175 179 181 210 227 258 262 266 301 302 304 306 338 354 359 391 402 406 418 423 440 444 11 39 56 59 71 103 104 110 119 121 129 160 177 178 220 230 239 244 250 252 253 256 280 283 284 287 297 309 343 358 360 366 371 382 383 395 29 38 40 50 60 67 69 76 79 86 92 122 125 131 134 138 142 150 151 162 163 198 206 211 260 265 275 289 290 299 300 303 305 329 346 351 368 376 394 399 405 407 412 415 424 439 448 452 454 460 39 56 59 71 103 104 110 119 121 129 160 177 178 220 230 239 244 250 252 253 256 280 283 284 287 297 309 343 358 360 366 371 382 383 395 17 23 47 75 77 106 111 120 128 152 168 184 212 215 224 231 234 243 247 258 271 314 315 316 317 320 341 343 344 345 347 353 369 371 380 381 386 387 389 398 401 449 20 22 54 55 66 83 84 87 93 108 118 144 170 175 179 181 183 200 202 210 225 227 255 258 263 266 267 276 301 302 304 306 338 356 367 388 391 392 402 410 416 431 440 114 136 167 171 186 196 208 209 216 228 229 236 242 248 257 258 295 311 327 330 334 335 341 343 350 361 374 408 429 438 19 42 45 49 51 61 63 72 80 82 96 99 117 135 145 146 153 156 159 193 194 219 221 237 238 240 246 272 281 292 293 294 296 322 340 343 348 364 365 373 397 441 442 458 23 47 75 77 106 111 120 128 152 168 184 212 215 224 231 234 243 247 258 271 314 315 316 317 320 341 343 344 345 347 353 369 371 380 381 386 387 389 398 401 449 25 28 53 89 123 143 148 166 174 192 203 207 223 259 273 278 307 318 319 332 354 375 390 400 413 417 432 436 447 453 459 45 49 51 61 63 72 135 145 146 159 193 194 219 237 238 240 246 281 293 294 322 343 348 364 365 373 397 441 458 22 54 55 66 83 84 87 93 108 118 144 170 175 179 181 183 200 202 210 225 227 255 258 263 266 267 276 301 302 304 306 338 356 367 388 391 392 402 410 416 431 440 31 37 48 58 73 81 91 97 100 101 102 109 133 139 140 154 180 185 222 226 264 268 269 270 274 310 312 313 321 349 384 385 396 409 411 426 428 434 435 449 456 457 54 66 87 108 118 170 175 179 181 210 227 255 258 262 263 266 276 301 302 304 306 338 354 356 359 367 391 402 406 410 416 418 423 431 440 444 106 128 168 184 212 215 224 231 234 243 247 258 314 315 316 317 320 343 344 347 369 371 380 381 386 387 398 401 449 33 34 41 52 62 64 90 95 107 115 130 137 147 149 161 182 190 191 197 201 204 205 218 232 235 241 249 254 280 291 323 326 328 336 337 339 343 357 362 363 378 379 383 395 430 433 28 53 89 123 143 148 166 174 192 203 207 223 259 273 278 307 318 319 332 354 375 390 400 413 417 432 436 447 453 459 30 46 70 74 85 98 112 141 165 172 176 187 199 214 245 251 261 277 282 308 324 333 352 384 393 414 419 422 425 437 443 445 446 451 53 89 123 143 148 166 174 192 203 207 223 259 273 278 307 318 319 332 354 375 390 400 413 417 432 436 447 453 459 38 50 60 67 79 86 125 138 142 151 163 198 206 211 260 265 275 289 290 299 300 303 305 346 368 376 394 399 407 412 424 439 448 452 460 57 70 74 78 85 88 98 112 116 132 141 157 165 172 176 187 199 213 214 217 233 245 261 277 282 298 308 333 342 352 359 393 403 409 414 418 419 423 425 437 443 444 445 446 450 451 37 48 58 73 81 91 97 100 101 102 109 133 139 140 154 180 185 222 226 264 268 269 270 274 279 310 312 313 349 385 396 411 426 434 435 449 456 457 43 44 53 65 113 124 127 155 164 169 192 195 207 259 262 273 307 318 319 332 368 377 400 413 427 436 447 455 459 34 41 52 62 64 90 95 107 115 130 137 147 149 161 182 190 191 197 201 204 205 218 232 235 241 249 254 280 291 323 326 328 336 337 339 343 357 362 363 378 379 383 395 430 433 41 52 62 64 90 95 107 115 130 137 147 149 161 182 190 191 197 201 204 205 218 232 235 241 249 254 280 291 323 326 328 336 337 339 343 357 362 363 378 379 383 395 430 433 47 75 77 111 120 128 152 168 231 234 243 247 258 271 314 315 316 317 341 343 345 353 369 380 389 438 47 75 77 111 120 128 152 168 231 234 243 247 258 271 314 315 316 317 341 343 345 353 369 381 389 438 48 58 73 81 91 97 100 101 102 109 133 139 140 154 180 185 222 226 264 268 269 270 274 310 312 313 321 349 384 385 396 409 411 426 428 434 435 449 456 457 40 50 60 67 69 76 79 86 92 122 125 131 134 138 142 150 151 162 163 198 206 211 260 265 275 289 290 299 300 303 305 329 346 351 368 376 394 399 405 407 412 415 424 439 448 452 454 460 59 110 121 160 177 178 220 230 239 244 250 252 253 256 280 283 284 287 297 309 343 358 360 366 371 382 383 50 69 76 92 122 131 134 150 151 162 163 206 211 260 265 275 288 289 303 305 329 346 351 394 399 405 406 407 412 415 424 448 454 52 64 90 115 137 147 161 191 201 204 205 218 232 235 241 249 254 280 291 323 326 328 336 337 339 343 357 362 363 378 379 383 395 430 433 49 51 80 82 96 99 117 153 156 159 193 221 237 238 240 246 272 292 296 322 325 340 348 364 365 442 44 53 65 113 124 127 155 164 169 192 195 207 259 262 273 307 318 319 332 368 377 400 413 427 436 447 455 459 53 65 113 124 127 155 164 169 192 195 207 259 262 273 307 318 319 332 368 377 400 413 427 436 447 455 459 49 51 61 63 72 135 145 146 159 193 194 219 237 238 240 246 281 293 294 322 343 348 364 365 373 397 441 458 70 74 98 112 141 165 172 176 187 199 214 245 251 261 277 308 324 333 384 393 419 422 425 437 443 445 446 451 75 77 111 120 128 152 168 231 234 243 247 258 271 314 315 316 317 341 343 345 353 369 371 380 381 387 389 438 449 73 91 100 101 133 140 180 185 222 264 268 274 279 310 312 313 349 385 396 411 426 434 449 457 63 72 117 135 146 153 156 159 193 221 237 238 240 246 272 281 292 293 294 296 322 325 340 343 348 364 365 373 397 441 442 458 60 67 69 76 79 86 92 122 125 131 134 138 142 150 151 162 163 198 206 211 260 265 275 289 303 305 329 346 351 368 376 394 399 405 407 412 415 424 439 448 452 454 460 61 80 82 96 99 145 159 193 194 219 237 238 240 246 272 281 292 293 294 296 322 325 340 343 348 364 365 373 397 441 442 458 62 64 90 95 107 115 130 137 147 149 161 182 190 191 197 201 204 205 218 232 235 241 249 254 280 291 323 326 328 336 337 339 343 357 362 363 378 379 383 395 430 433 65 89 113 123 124 127 143 148 155 164 166 169 174 192 195 203 207 223 259 273 278 307 318 319 332 354 368 375 377 390 400 413 417 427 432 436 447 453 455 459 66 87 108 118 170 175 179 181 210 227 255 258 262 263 266 276 301 302 304 306 338 354 356 359 367 391 402 406 410 416 418 423 431 440 444 83 84 93 108 144 183 200 202 225 227 255 258 263 267 276 301 302 304 306 338 356 367 388 392 410 416 431 103 110 121 252 253 256 283 284 285 286 309 358 366 371 382 395 74 85 112 116 157 213 214 233 261 277 282 298 308 333 342 352 359 393 403 409 414 418 419 423 425 437 444 445 446 450 81 154 180 226 264 269 270 274 310 312 313 321 349 384 385 396 409 411 426 428 435 449 456 110 121 160 178 220 252 253 256 280 283 284 287 297 309 343 358 360 366 371 382 383 79 138 142 151 163 211 260 265 275 289 290 299 300 303 305 346 368 376 394 399 407 412 424 439 448 452 460 145 159 193 194 219 281 293 294 322 343 348 364 365 373 397 441 458 95 107 161 191 197 205 254 291 323 328 336 337 339 357 362 363 378 379 433 72 135 146 159 193 281 293 294 322 343 348 364 365 373 397 441 458 90 137 161 191 204 205 254 280 291 323 326 336 337 339 343 357 362 363 378 383 395 430 433 124 155 192 195 207 259 262 273 307 318 319 332 368 377 400 413 427 436 447 455 459 87 108 118 170 227 255 258 262 263 266 276 301 302 304 306 338 354 356 359 367 391 402 406 410 416 418 423 431 440 444 86 125 151 163 198 206 211 260 265 275 289 290 299 300 303 305 346 368 376 394 399 407 412 424 439 448 452 460 158 167 188 189 196 258 311 331 334 335 343 355 361 370 372 404 408 429 76 131 150 151 163 206 211 260 265 275 288 289 303 305 329 346 351 394 399 405 406 407 412 415 424 448 454 74 85 165 172 176 214 245 251 261 277 282 308 324 333 352 384 393 414 419 422 425 437 443 445 446 451 104 110 119 121 129 252 253 256 283 284 285 286 309 343 358 366 371 382 395 135 146 159 193 281 293 294 322 343 348 364 365 373 397 441 458 91 100 101 180 264 268 274 279 310 312 313 349 385 396 411 426 434 449 457 78 85 88 98 116 132 141 157 165 172 176 187 199 213 217 233 245 251 261 277 282 298 308 324 333 342 352 359 384 393 403 409 414 418 419 422 423 425 437 443 444 445 446 450 451 111 120 128 152 168 258 271 314 315 316 317 341 343 345 353 369 371 380 381 387 389 438 449 131 150 151 163 206 211 260 265 275 288 289 303 305 329 346 351 394 399 405 406 407 412 415 424 448 454 128 168 258 271 314 315 316 317 341 343 345 353 369 371 380 381 387 389 438 449 85 88 132 214 217 233 261 277 282 298 308 333 342 352 359 393 403 409 414 418 419 423 425 437 444 445 446 450 138 142 151 163 211 260 265 275 289 290 299 300 303 305 346 368 376 394 399 407 412 424 439 448 452 460 82 96 99 159 193 272 292 296 322 325 340 348 364 365 442 154 180 226 264 269 270 274 310 312 313 321 349 384 385 396 409 411 426 428 435 449 456 96 99 159 193 272 292 296 322 325 340 348 364 365 442 93 108 183 225 227 255 258 263 267 276 301 302 304 306 338 356 367 388 392 410 416 431 108 144 200 202 227 255 258 263 267 276 301 302 304 306 338 356 367 388 392 410 416 431 88 98 112 116 132 141 157 165 172 176 187 199 213 214 217 233 245 261 277 282 298 308 333 342 352 359 393 403 409 414 418 419 423 425 437 443 444 445 446 450 451 125 151 163 198 206 211 260 265 275 289 290 299 300 303 305 346 368 376 394 399 407 412 424 439 448 452 460 108 118 170 227 255 258 262 263 266 276 301 302 304 306 338 354 356 359 367 391 402 406 410 416 418 423 431 440 444 132 214 217 233 261 277 282 298 308 333 342 352 359 393 403 409 414 418 419 423 425 437 444 445 446 450 148 166 192 207 223 259 273 278 307 318 319 332 354 375 390 400 413 417 432 436 447 453 459 137 161 191 204 205 254 280 291 323 326 336 337 339 343 357 362 363 378 383 395 430 433 100 101 180 264 268 274 279 310 312 313 349 385 396 411 426 434 449 457 122 134 151 162 163 211 260 265 275 288 289 303 305 329 346 351 394 399 405 406 407 412 415 424 448 454 108 183 225 227 255 258 263 267 276 301 302 304 306 338 356 367 388 392 410 416 431 105 126 167 173 196 258 311 330 331 334 335 343 355 361 370 372 404 408 107 161 191 197 205 254 291 323 328 336 337 339 357 362 363 378 379 433 99 159 193 272 292 296 322 325 340 348 364 365 442 102 109 139 180 264 269 270 274 310 312 313 321 349 384 385 396 409 411 426 428 435 449 456 112 141 187 199 214 245 251 261 277 282 308 324 333 352 384 393 414 419 422 425 437 443 445 446 451 159 193 272 292 296 322 325 340 348 364 365 442 101 180 264 268 274 279 310 312 313 349 385 396 411 426 434 449 457 180 264 268 274 279 310 312 313 349 385 396 411 426 434 449 457 109 139 180 264 269 270 274 310 312 313 321 349 384 385 396 409 411 426 428 435 449 456 110 121 252 253 256 283 284 285 286 309 358 366 371 382 395 110 119 121 129 252 253 256 283 284 285 286 309 343 358 366 371 382 395 126 167 173 196 258 311 330 331 334 335 343 355 361 370 372 404 408 128 168 184 212 215 258 314 315 316 317 320 343 344 347 369 371 380 381 386 387 398 401 449 161 191 197 205 254 291 323 328 336 337 339 357 362 363 378 379 433 118 144 170 175 179 181 183 200 202 210 225 227 255 258 262 263 266 267 276 301 302 304 306 338 354 356 359 367 388 391 392 402 406 410 416 418 423 431 440 444 139 180 264 269 270 274 310 312 313 321 349 384 385 396 409 411 426 428 435 449 456 119 121 129 160 177 178 220 230 239 244 250 252 253 256 280 283 284 285 286 287 297 309 343 358 360 366 371 382 383 395 120 128 152 168 258 271 314 315 316 317 341 343 345 353 369 371 380 381 387 389 438 449 116 141 157 187 199 213 233 245 251 261 277 282 298 308 324 333 342 352 359 384 393 403 409 414 418 419 422 423 425 437 443 444 445 446 450 451 127 164 169 192 207 259 262 273 307 318 319 332 368 377 400 413 427 436 447 455 459 167 171 186 196 228 257 258 295 311 327 334 335 341 343 350 361 374 408 429 438 147 161 191 201 205 218 254 280 291 323 326 328 336 337 339 343 357 362 363 378 379 383 395 433 157 213 214 233 261 277 282 298 308 333 342 352 359 393 403 409 414 418 419 423 425 437 444 445 446 450 153 156 159 193 221 272 292 296 322 325 340 348 364 365 442 170 227 255 258 262 263 266 276 301 302 304 306 338 354 356 359 367 391 402 406 410 416 418 423 431 440 444 121 129 252 253 256 283 284 285 286 309 343 358 366 371 382 395 128 152 168 258 271 314 315 316 317 341 343 345 353 369 371 380 381 387 389 438 449 129 160 177 178 220 230 239 244 250 252 253 256 280 283 284 285 286 287 297 309 343 358 360 366 371 382 383 395 134 151 162 163 211 260 265 275 288 289 303 305 329 346 351 394 399 405 406 407 412 415 424 448 454 143 174 192 203 207 259 273 278 307 318 319 332 354 375 390 400 413 417 432 436 447 453 459 155 192 195 207 259 262 273 307 318 319 332 368 377 400 413 427 436 447 455 459 151 163 198 206 211 260 265 275 289 290 299 300 303 305 346 368 376 394 399 407 412 424 439 448 452 460 167 173 196 258 311 330 331 334 335 343 355 361 370 372 404 408 164 169 192 207 259 262 273 307 318 319 332 368 377 400 413 427 436 447 455 459 152 168 184 212 215 224 231 234 243 247 258 271 314 315 316 317 320 341 343 344 345 347 353 369 371 380 381 386 387 389 398 401 438 449 252 253 256 283 284 285 286 309 343 358 366 371 382 395 149 161 182 190 191 205 254 291 323 336 337 339 357 362 363 378 430 433 150 151 163 206 211 260 265 275 288 289 303 305 329 346 351 394 399 405 406 407 412 415 424 448 454 214 217 233 261 277 282 298 308 333 342 352 359 393 403 409 414 418 419 423 425 437 444 445 446 450 140 180 185 222 264 268 274 279 310 312 313 349 385 396 411 426 434 449 457 151 162 163 211 260 265 275 288 289 303 305 329 346 351 394 399 405 406 407 412 415 424 448 454 146 159 193 281 293 294 322 343 348 364 365 373 397 441 458 167 196 208 209 216 257 258 295 311 327 330 334 335 341 343 350 361 374 408 438 161 191 204 205 254 280 291 323 326 336 337 339 343 357 362 363 378 383 395 430 433 142 151 163 211 260 265 275 289 290 299 300 303 305 346 368 376 394 399 407 412 424 439 448 452 460 180 264 269 270 274 310 312 313 321 349 384 385 396 409 411 426 428 435 449 456 180 185 222 264 268 274 279 310 312 313 349 385 396 411 426 434 449 457 187 199 214 245 251 261 277 282 308 324 333 352 384 393 414 419 422 425 437 443 445 446 451 151 163 211 260 265 275 289 290 299 300 303 305 346 368 376 394 399 407 412 424 439 448 452 460 174 192 203 207 259 273 278 307 318 319 332 354 375 390 400 413 417 432 436 447 453 459 200 202 227 255 258 263 267 276 301 302 304 306 338 356 367 388 392 410 416 431 159 193 194 219 281 293 294 322 343 348 364 365 373 397 441 458 159 193 281 293 294 322 343 348 364 365 373 397 441 458 161 191 201 205 218 254 280 291 323 326 328 336 337 339 343 357 362 363 378 379 383 395 433 166 192 207 223 259 273 278 307 318 319 332 354 375 390 400 413 417 432 436 447 453 459 161 182 190 191 205 254 291 323 336 337 339 357 362 363 378 430 433 151 163 206 211 260 265 275 288 289 303 305 329 346 351 394 399 405 406 407 412 415 424 448 454 162 163 198 260 265 275 288 289 290 299 300 303 305 329 346 351 368 376 394 399 405 406 407 412 415 424 439 448 452 454 460 168 258 271 314 315 316 317 341 343 345 353 369 371 380 381 387 389 438 449 156 159 193 221 272 292 296 322 325 340 348 364 365 442 180 226 264 269 270 274 310 312 313 321 349 384 385 396 409 411 426 428 435 449 456 192 195 207 259 262 273 307 318 319 332 368 377 400 413 427 436 447 455 459 159 193 221 272 292 296 322 325 340 348 364 365 442 213 214 233 261 277 282 298 308 333 342 352 359 393 403 409 414 418 419 423 425 437 444 445 446 450 167 188 189 196 258 311 331 334 335 343 355 361 370 372 404 408 429 193 194 219 221 237 238 240 246 272 281 292 293 294 296 322 325 340 343 348 364 365 373 397 441 442 458 178 220 252 253 256 280 283 284 287 297 309 343 358 360 366 371 382 383 182 190 191 197 201 204 205 218 232 235 241 249 254 280 291 323 326 328 336 337 339 343 357 362 363 378 379 383 395 430 433 163 211 260 265 275 288 289 303 305 329 346 351 394 399 405 406 407 412 415 424 448 454 198 206 211 260 265 275 288 289 290 299 300 303 305 329 346 351 368 376 394 399 405 406 407 412 415 424 439 448 452 454 460 169 192 207 259 262 273 307 318 319 332 368 377 400 413 427 436 447 455 459 172 176 214 245 251 261 277 282 308 324 333 352 384 393 414 419 422 425 437 443 445 446 451 192 207 223 259 273 278 307 318 319 332 354 375 390 400 413 417 432 436 447 453 459 171 173 186 188 189 196 208 209 216 228 229 236 242 248 258 295 311 330 331 334 335 343 350 355 361 370 372 374 404 408 429 184 212 215 224 231 234 243 247 258 271 314 315 316 317 341 343 344 345 347 353 369 371 380 381 386 387 389 398 401 438 449 192 207 259 262 273 307 318 319 332 368 377 400 413 427 436 447 455 459 227 255 258 262 263 266 276 301 302 304 306 338 354 356 359 367 391 402 406 410 416 418 423 431 440 444 186 196 228 257 258 295 311 327 334 335 341 343 350 361 374 408 429 438 176 214 245 251 261 277 282 308 324 333 352 384 393 414 419 422 425 437 443 445 446 451 196 258 311 330 331 334 335 343 355 361 370 372 404 408 192 203 207 259 273 278 307 318 319 332 354 375 390 400 413 417 432 436 447 453 459 179 181 210 227 255 258 262 263 266 276 301 302 304 306 338 354 356 359 367 391 402 406 410 416 418 423 431 440 444 214 245 251 261 277 282 308 324 333 352 384 393 414 419 422 425 437 443 445 446 451 252 253 256 280 283 284 287 297 309 358 360 366 371 382 383 220 252 253 256 280 283 284 287 297 309 343 358 360 366 371 382 383 181 210 227 255 258 262 263 266 276 301 302 304 306 338 354 356 359 367 391 402 406 410 416 418 423 431 440 444 185 222 226 264 268 269 270 274 279 310 312 313 321 349 384 385 396 409 411 426 428 434 435 449 456 457 210 227 255 258 262 263 266 276 301 302 304 306 338 354 356 359 367 391 402 406 410 416 418 423 431 440 444 190 191 205 254 291 323 336 337 339 357 362 363 378 430 433 225 227 255 258 263 267 276 301 302 304 306 338 356 367 388 392 410 416 431 212 215 258 314 315 316 317 320 343 344 347 369 371 380 381 386 387 398 401 449 222 264 268 274 279 310 312 313 349 385 396 411 426 434 449 457 196 228 257 258 295 311 327 334 335 341 343 350 361 374 408 429 438 199 214 245 251 261 277 282 308 324 333 352 384 393 414 419 422 425 437 443 445 446 451 189 196 258 311 331 334 335 343 355 361 370 372 404 408 429 196 258 311 331 334 335 343 355 361 370 372 404 408 429 191 205 254 291 323 336 337 339 357 362 363 378 430 433 197 201 204 205 218 232 235 241 249 254 280 291 323 326 328 336 337 339 343 357 362 363 378 379 383 395 430 433 195 203 207 223 259 262 273 278 307 318 319 332 354 368 375 377 390 400 413 417 427 432 436 447 453 455 459 194 219 221 237 238 240 246 272 281 292 293 294 296 322 325 340 343 348 364 365 373 397 441 442 458 219 281 293 294 322 343 348 364 365 373 397 441 458 207 259 262 273 307 318 319 332 368 377 400 413 427 436 447 455 459 208 209 216 228 229 236 242 248 257 258 295 311 327 330 331 334 335 341 343 350 355 361 370 372 374 404 408 429 438 205 254 291 323 328 336 337 339 357 362 363 378 379 433 206 211 260 265 275 289 290 299 300 303 305 346 368 376 394 399 407 412 424 439 448 452 460 214 245 251 261 277 282 308 324 333 352 384 393 414 419 422 425 437 443 445 446 451 202 227 255 258 263 267 276 301 302 304 306 338 356 367 388 392 410 416 431 205 218 254 280 291 323 326 328 336 337 339 343 357 362 363 378 379 383 395 433 227 255 258 263 267 276 301 302 304 306 338 356 367 388 392 410 416 431 207 259 273 278 307 318 319 332 354 375 390 400 413 417 432 436 447 453 459 205 254 280 291 323 326 336 337 339 343 357 362 363 378 383 395 430 433 218 232 235 241 249 254 280 291 323 326 328 336 337 339 343 357 362 363 378 379 383 395 430 433 260 265 275 288 289 290 299 300 303 305 329 346 351 368 376 394 399 405 406 407 412 415 424 439 448 452 454 460 223 259 262 273 278 307 318 319 332 354 368 375 377 390 400 413 417 427 432 436 447 453 455 459 209 216 257 258 295 311 327 330 334 335 341 343 350 361 374 408 438 216 257 258 295 311 327 330 334 335 341 343 350 361 374 408 438 227 255 258 262 263 266 276 301 302 304 306 338 354 356 359 367 391 402 406 410 416 418 423 431 440 444 260 265 275 288 289 290 299 300 303 305 329 346 351 368 376 394 399 405 406 407 412 415 424 439 448 452 454 460 215 258 314 315 316 317 320 343 344 347 369 371 380 381 386 387 398 401 449 214 233 261 277 282 298 308 333 342 352 359 393 403 409 414 418 419 423 425 437 444 445 446 450 217 233 245 251 261 277 282 298 308 324 333 342 352 359 384 393 403 409 414 418 419 422 423 425 437 443 444 445 446 450 451 258 314 315 316 317 320 343 344 347 369 371 380 381 386 387 398 401 449 257 258 295 311 327 330 334 335 341 343 350 361 374 408 438 233 261 277 282 298 308 333 342 352 359 393 403 409 414 418 419 423 425 437 444 445 446 450 254 280 291 323 326 328 336 337 339 343 357 362 363 378 379 383 395 433 281 293 294 322 343 348 364 365 373 397 441 458 252 253 256 280 283 284 287 297 309 343 358 360 366 371 382 383 272 292 296 322 325 340 348 364 365 442 264 268 274 279 310 312 313 349 385 396 411 426 434 449 457 259 273 278 307 318 319 332 354 375 390 400 413 417 432 436 447 453 459 258 314 315 316 317 320 343 344 347 369 371 380 381 386 387 398 401 449 227 255 258 263 267 276 301 302 304 306 338 356 367 388 392 410 416 431 264 269 270 274 310 312 313 321 349 384 385 396 409 411 426 428 435 449 456 255 258 262 263 266 267 276 301 302 304 306 338 354 356 359 367 388 391 392 402 406 410 416 418 423 431 440 444 257 258 295 311 327 334 335 341 343 350 361 374 408 429 438 236 242 248 257 295 311 327 330 331 334 335 341 350 355 361 370 372 374 404 408 429 438 239 244 250 252 253 256 280 283 284 285 286 287 297 309 358 360 366 371 382 383 395 234 243 247 271 314 315 316 317 320 341 344 345 347 353 371 386 387 389 398 401 438 235 241 249 254 280 291 323 326 328 336 339 357 362 363 379 383 395 430 433 261 277 298 308 333 342 352 359 393 403 409 414 418 419 423 425 437 444 445 446 450 243 247 271 314 315 316 317 320 341 344 345 347 353 371 386 387 389 398 401 438 241 249 254 280 291 323 326 328 336 339 357 362 363 379 383 395 430 433 242 248 257 295 311 327 330 331 334 335 341 350 355 361 370 372 374 404 408 429 438 238 240 246 272 281 292 293 294 296 322 325 340 348 364 365 373 397 441 442 458 240 246 272 281 292 293 294 296 322 325 340 348 364 365 373 397 441 442 458 244 250 252 253 256 280 283 284 285 286 287 297 309 358 360 366 371 382 383 395 246 272 281 292 293 294 296 322 325 340 348 364 365 373 397 441 442 458 249 254 280 291 323 326 328 336 339 357 362 363 379 383 395 430 433 248 257 295 311 327 330 331 334 335 341 350 355 361 370 372 374 404 408 429 438 247 271 314 315 316 317 320 341 344 345 347 353 371 386 387 389 398 401 438 250 252 253 256 280 283 284 285 286 287 297 309 358 360 366 371 382 383 395 251 261 277 308 324 333 352 384 393 414 419 422 425 437 443 445 446 451 272 281 292 293 294 296 322 325 340 348 364 365 373 397 441 442 458 271 314 315 316 317 320 341 344 345 347 353 371 386 387 389 398 401 438 257 295 311 327 330 331 334 335 341 350 355 361 370 372 374 404 408 429 438 254 280 291 323 326 328 336 339 357 362 363 379 383 395 430 433 252 253 256 280 283 284 285 286 287 297 309 358 360 366 371 382 383 395 261 277 308 324 333 384 393 419 422 425 437 443 445 446 451 253 256 283 284 285 286 297 309 343 358 360 366 371 382 395 256 283 284 285 286 297 309 343 358 360 366 371 382 395 280 291 323 326 328 336 337 339 343 357 362 363 378 379 383 395 430 433 258 263 266 267 276 301 302 304 306 338 356 367 388 391 392 402 410 416 431 440 283 284 285 286 297 309 343 358 360 366 371 382 395 295 327 330 334 335 341 350 374 429 438 262 263 266 267 271 276 295 301 302 304 306 311 314 315 316 317 330 331 334 335 338 341 343 344 345 347 350 353 354 355 356 359 361 367 369 370 372 374 380 381 386 387 388 389 391 392 398 401 402 404 406 408 410 416 418 423 429 431 438 440 444 449 273 278 307 318 319 332 354 368 375 377 390 400 413 417 427 432 436 447 453 455 459 265 275 288 289 290 299 300 303 305 329 346 351 368 376 394 399 405 406 407 412 415 424 439 448 452 454 460 277 282 298 308 324 333 342 352 359 384 393 403 409 414 418 419 422 423 425 437 443 444 445 446 450 451 266 273 301 302 304 306 307 318 319 332 338 354 359 368 377 391 400 402 406 413 418 423 427 436 440 444 447 455 459 266 267 276 301 302 304 306 338 356 367 388 391 392 402 410 416 431 440 268 269 270 274 279 310 312 313 321 349 384 385 396 409 411 426 428 434 435 449 456 457 275 288 289 290 299 300 303 305 329 346 351 368 376 394 399 405 406 407 412 415 424 439 448 452 454 460 276 301 302 304 306 338 354 356 359 367 391 402 406 410 416 418 423 431 440 444 276 301 302 304 306 338 356 367 388 392 410 416 431 274 279 310 312 313 349 385 396 411 426 434 449 457 270 274 310 312 313 321 349 384 385 396 409 411 426 428 435 449 456 274 310 312 313 321 349 384 385 396 409 411 426 428 435 449 456 314 315 316 317 341 343 345 353 369 371 380 381 387 389 438 449 292 296 322 325 340 348 364 365 442 307 318 319 332 368 375 377 390 400 413 417 427 432 436 447 453 455 459 279 310 312 313 321 349 384 385 396 409 411 426 428 434 435 449 456 457 288 289 290 299 300 303 305 329 346 351 368 376 394 399 405 406 407 412 415 424 439 448 452 454 460 301 302 304 306 338 356 367 388 391 392 402 410 416 431 440 282 298 308 324 333 342 352 359 384 393 403 409 414 418 419 422 423 425 437 443 444 445 446 450 451 354 375 390 400 417 432 453 459 396 411 426 434 449 457 287 297 326 328 343 358 360 366 378 379 383 395 430 293 294 343 373 397 441 458 298 308 333 342 352 359 393 403 409 418 419 423 425 437 443 444 445 446 450 451 284 297 309 343 358 360 366 371 382 395 297 309 343 358 360 366 371 382 395 286 309 343 358 366 371 382 395 309 343 358 366 371 382 395 297 358 360 366 383 303 305 329 346 351 399 405 406 407 415 424 448 454 303 305 329 346 351 368 376 394 399 405 407 412 415 424 439 448 452 454 460 299 300 368 376 394 399 412 424 439 452 460 323 328 336 337 339 357 362 363 378 379 430 433 296 322 325 340 348 364 365 442 294 322 343 348 364 365 373 397 441 458 322 343 348 364 365 373 397 441 458 311 327 330 334 335 341 343 350 361 374 408 429 438 322 325 340 348 364 365 442 309 343 358 360 366 371 382 383 308 333 342 352 359 393 403 409 414 418 419 423 425 437 444 445 446 450 300 368 376 394 399 412 424 439 452 460 368 376 394 399 412 424 439 452 460 302 304 306 338 354 356 359 367 388 391 392 402 406 410 416 418 423 431 440 444 304 306 338 354 356 359 367 388 391 392 402 406 410 416 418 423 431 440 444 305 329 346 351 368 376 394 399 405 406 407 412 415 424 439 448 452 454 460 306 338 354 356 359 367 388 391 392 402 406 410 416 418 423 431 440 444 329 346 351 368 376 394 399 405 406 407 412 415 424 439 448 452 454 460 338 354 356 359 367 388 391 392 402 406 410 416 418 423 431 440 444 318 319 332 368 375 377 390 400 413 417 427 432 436 447 453 455 459 324 333 352 384 393 414 419 422 425 437 443 445 446 450 451 343 358 360 366 371 382 395 312 313 321 349 384 385 396 409 411 426 428 434 435 449 456 457 330 331 334 335 343 350 355 361 370 372 374 404 408 429 313 321 349 384 385 396 409 411 426 428 434 435 449 456 457 321 349 384 385 396 409 411 426 428 434 435 449 456 457 315 316 317 341 343 344 345 347 353 369 371 380 381 386 387 389 398 401 438 449 316 317 341 343 344 345 347 353 369 371 380 381 386 387 389 398 401 438 449 317 341 343 344 345 347 353 369 371 380 381 386 387 389 398 401 438 449 341 343 344 345 347 353 369 371 380 381 386 387 389 398 401 438 449 319 332 368 375 377 390 400 413 417 427 432 436 447 453 455 459 332 368 375 377 390 400 413 417 427 432 436 447 453 455 459 344 347 369 371 380 381 386 387 398 401 449 384 409 428 435 456 325 340 348 364 365 373 397 441 442 458 328 336 337 339 357 362 363 378 379 430 433 333 384 393 419 422 425 437 443 445 446 451 340 364 365 442 328 343 378 379 383 395 430 330 334 335 341 350 374 429 438 336 337 339 343 357 362 363 378 379 383 395 433 346 351 394 399 405 406 407 412 415 424 448 454 331 334 335 341 343 350 355 361 370 372 374 404 408 438 334 335 343 355 361 370 372 404 408 429 368 375 377 390 400 413 417 427 432 436 447 453 455 459 342 352 359 384 393 403 409 414 418 419 422 423 425 437 443 444 445 446 450 451 335 341 343 350 355 361 370 372 374 404 408 429 438 341 343 350 355 361 370 372 374 404 408 429 438 337 339 357 362 363 378 379 430 433 339 357 362 363 378 379 430 433 354 356 359 367 388 391 392 402 406 410 416 418 423 431 440 444 357 362 363 378 379 430 433 348 364 365 442 343 345 350 353 369 371 374 380 381 387 389 429 438 449 352 359 403 409 414 418 423 444 450 344 345 347 350 353 355 358 360 361 366 369 370 372 373 374 378 380 381 382 383 386 387 389 395 397 398 401 404 408 429 430 438 441 449 458 347 369 371 380 381 386 387 398 401 449 353 369 371 380 381 387 389 438 449 351 368 376 394 399 405 406 407 412 415 424 439 448 452 454 460 369 371 380 381 386 387 398 401 449 364 365 373 397 441 442 458 385 396 411 426 434 435 449 456 457 361 374 408 429 438 394 399 405 406 407 412 415 424 448 454 359 393 403 409 414 418 419 423 425 437 443 444 445 446 450 451 369 371 380 381 387 389 438 449 359 375 390 391 400 402 406 417 418 423 432 440 444 453 459 361 370 372 404 408 429 367 388 391 392 402 410 416 431 440 362 363 378 379 430 433 360 366 371 382 383 395 391 402 403 406 409 414 418 423 440 444 450 366 371 382 383 370 372 374 404 408 429 363 378 379 430 433 378 379 430 433 365 373 397 441 442 458 373 397 441 442 458 371 382 383 395 388 391 392 402 410 416 431 440 376 377 394 412 413 424 427 436 439 447 448 452 455 459 460 380 381 386 387 389 398 401 438 449 372 404 408 429 380 381 382 386 387 389 395 398 401 404 408 429 397 441 458 408 429 438 390 400 413 417 432 436 447 453 459 394 399 407 412 424 439 448 452 460 400 413 427 436 447 455 459 383 395 430 433 383 395 430 433 386 387 389 398 401 438 449 386 387 389 398 401 438 449 395 395 430 393 409 419 422 425 428 435 437 443 445 446 451 456 396 411 426 434 435 449 456 457 387 398 401 449 389 398 401 449 392 410 416 431 438 449 400 413 417 432 436 447 453 459 402 406 410 416 418 423 431 440 444 410 416 431 414 419 422 425 437 443 445 446 450 451 399 405 407 412 415 424 439 448 452 454 460 430 411 426 434 435 456 457 441 458 401 449 405 406 407 412 415 424 439 448 452 454 460 413 417 427 432 436 447 453 455 459 449 406 410 416 418 423 431 440 444 409 414 418 423 444 450 429 406 407 412 415 424 448 454 407 415 418 423 424 440 444 448 454 412 415 424 439 448 452 454 460 429 414 418 423 428 435 444 450 456 416 431 440 426 434 435 449 456 457 415 424 439 448 452 454 460 417 427 432 436 447 453 455 459 418 419 423 425 437 443 444 445 446 450 451 424 448 454 431 440 432 436 447 453 459 423 440 444 450 422 425 437 443 445 446 450 451 425 437 443 445 446 451 440 444 450 439 448 452 454 460 437 443 445 446 450 451 434 435 449 456 457 436 447 455 459 435 456 438 433 440 436 447 453 459 449 457 449 456 447 453 455 459 443 445 446 450 451 448 452 460 444 458 445 446 451 450 446 450 451 450 451 453 455 459 452 454 460 456 457 460 459 459 